1	   0.0079	   0.0002	   0.0137	   0.2577	   0.4026	   0.2160	   9986.1756	   1886.5164	   1490.0795	   9986.1678	   1886.5161	   	   1490.0658
2	   0.0058	   0.0113	   0.0103	   0.2539	   0.3648	   0.1730	   9986.1832	   1896.5176	   1490.0752	   9986.1773	   1896.5289	   	   1490.0649
3	   0.0038	   0.1294	   0.0092	   0.2508	   0.3433	   0.1710	   9986.1874	   1902.5184	   1490.0727	   9986.1836	   1902.3890	   	   1490.0635
4	   0.0112	   0.0994	   0.0029	   0.2656	   0.3565	   0.1770	   9986.1914	   1908.5191	   1490.0703	   9986.1801	   1908.4198	   	   1490.0674
5	   0.0079	   0.0669	   0.0087	   0.2306	   0.3243	   0.1700	   9986.1960	   1916.5201	   1490.0673	   9986.1881	   1916.4533	   	   1490.0586
6	   0.0065	   0.0293	   0.0093	   0.2197	   0.3051	   0.1740	   9986.1992	   1922.5208	   1490.0653	   9986.1928	   1922.4915	   	   1490.0560
7	   0.0067	   0.0756	   0.0183	   0.1752	   0.2894	   0.1700	   9986.2037	   1930.5218	   1490.0628	   9986.1970	   1930.4461	   	   1490.0445
8	   0.0126	   0.0738	   0.0136	   0.1869	   0.2989	   0.1700	   9986.2072	   1936.5224	   1490.0611	   9986.1946	   1936.4487	   	   1490.0475
9	   0.0065	   0.0269	   0.0097	   0.1929	   0.2537	   0.1710	   9986.2121	   1944.5233	   1490.0590	   9986.2056	   1944.5503	   	   1490.0494
10	   0.0001	   0.1073	   0.0082	   0.1949	   0.2165	   0.1760	   9986.2157	   1950.5240	   1490.0576	   9986.2156	   1950.4167	   	   1490.0494
11	   0.0107	   0.1052	   0.0030	   0.2077	   0.2406	   0.1750	   9986.2202	   1958.5250	   1490.0557	   9986.2095	   1958.4198	   	   1490.0527
12	   0.0103	   0.0069	   0.0058	   0.1897	   0.2250	   0.1650	   9986.2234	   1964.5257	   1490.0542	   9986.2130	   1964.5326	   	   1490.0485
13	   0.0077	   0.0867	   0.0073	   0.1794	   0.2042	   0.1650	   9986.2264	   1970.5264	   1490.0529	   9986.2187	   1970.4397	   	   1490.0456
14	   0.0064	   0.0142	   0.0076	   0.1723	   0.1865	   0.1650	   9986.2294	   1976.5271	   1490.0516	   9986.2229	   1976.5129	   	   1490.0440
15	   0.0081	   0.0516	   0.0112	   0.1530	   0.1812	   0.1680	   9986.2322	   1982.5278	   1490.0505	   9986.2241	   1982.5794	   	   1490.0392
16	   0.0086	   0.0412	   0.0163	   0.1298	   0.1738	   0.1740	   9986.2348	   1988.5284	   1490.0494	   9986.2263	   1988.4872	   	   1490.0331
17	   0.0108	   0.0818	   0.0142	   0.1345	   0.1739	   0.1660	   9986.2372	   1994.5290	   1490.0483	   9986.2263	   1994.4472	   	   1490.0342
18	   0.0117	   0.0009	   0.0121	   0.1373	   0.1683	   0.1670	   9986.2392	   2000.5297	   1490.0471	   9986.2275	   2000.5288	   	   1490.0351
19	   0.0092	   0.0591	   0.0093	   0.1420	   0.1506	   0.1660	   9986.2411	   2006.5305	   1490.0457	   9986.2319	   2006.5896	   	   1490.0364
20	   0.0047	   0.0002	   0.0093	   0.1365	   0.1268	   0.1660	   9986.2428	   2012.5314	   1490.0442	   9986.2381	   2012.5316	   	   1490.0349
21	   0.0007	   0.0775	   0.0082	   0.1353	   0.1055	   0.1660	   9986.2444	   2018.5324	   1490.0426	   9986.2437	   2018.4548	   	   1490.0344
22	   0.0032	   0.0846	   0.0052	   0.1409	   0.1095	   0.1650	   9986.2459	   2024.5333	   1490.0410	   9986.2427	   2024.4486	   	   1490.0358
23	   0.0049	   0.0972	   0.0014	   0.1499	   0.1118	   0.1660	   9986.2471	   2030.5341	   1490.0394	   9986.2422	   2030.4370	   	   1490.0381
24	   0.0083	   0.0157	   0.0050	   0.1289	   0.1205	   0.1700	   9986.2480	   2036.5350	   1490.0380	   9986.2397	   2036.5507	   	   1490.0330
25	   0.0081	   0.0843	   0.0096	   0.1044	   0.1173	   0.1710	   9986.2484	   2042.5358	   1490.0365	   9986.2404	   2042.6201	   	   1490.0268
26	   0.0075	   0.0094	   0.0139	   0.0822	   0.1157	   0.1700	   9986.2485	   2048.5367	   1490.0349	   9986.2409	   2048.5461	   	   1490.0210
27	   0.0071	   0.0571	   0.0172	   0.0635	   0.1155	   0.1750	   9986.2482	   2054.5376	   1490.0334	   9986.2411	   2054.4805	   	   1490.0162
28	   0.0046	   0.1488	   0.0146	   0.0684	   0.1084	   0.1790	   9986.2477	   2060.5384	   1490.0319	   9986.2431	   2060.3896	   	   1490.0173
29	   0.0033	   0.1813	   0.0131	   0.0695	   0.1063	   0.1740	   9986.2470	   2066.5391	   1490.0306	   9986.2437	   2066.3579	   	   1490.0176
30	   0.0025	   0.1529	   0.0110	   0.0732	   0.1061	   0.1700	   9986.2462	   2072.5398	   1490.0295	   9986.2437	   2072.3869	   	   1490.0185
31	   0.0007	   0.1394	   0.0095	   0.0754	   0.1024	   0.1700	   9986.2453	   2078.5403	   1490.0285	   9986.2446	   2078.4009	   	   1490.0191
32	   0.0014	   0.0660	   0.0079	   0.0775	   0.1091	   0.1710	   9986.2442	   2084.5408	   1490.0277	   9986.2428	   2084.4748	   	   1490.0197
33	   0.0046	   0.0295	   0.0088	   0.0706	   0.1262	   0.1710	   9986.2428	   2090.5413	   1490.0269	   9986.2382	   2090.5708	   	   1490.0181
34	   0.0081	   0.0126	   0.0087	   0.0683	   0.1471	   0.1810	   9986.2410	   2096.5418	   1490.0262	   9986.2329	   2096.5543	   	   1490.0175
35	   0.0105	   0.0203	   0.0071	   0.0719	   0.1655	   0.1850	   9986.2387	   2102.5423	   1490.0254	   9986.2283	   2102.5220	   	   1490.0184
36	   0.0104	   0.0353	   0.0049	   0.0776	   0.1753	   0.1740	   9986.2362	   2108.5429	   1490.0247	   9986.2258	   2108.5076	   	   1490.0198
37	   0.0079	   0.0356	   0.0045	   0.0753	   0.1753	   0.1730	   9986.2335	   2114.5435	   1490.0238	   9986.2256	   2114.5791	   	   1490.0193
38	   0.0067	   0.0485	   0.0066	   0.0637	   0.1811	   0.1720	   9986.2307	   2120.5442	   1490.0229	   9986.2241	   2120.5927	   	   1490.0163
39	   0.0054	   0.0627	   0.0081	   0.0547	   0.1877	   0.1740	   9986.2281	   2126.5449	   1490.0221	   9986.2227	   2126.4822	   	   1490.0139
40	   0.0088	   0.0803	   0.0102	   0.0436	   0.2109	   0.1730	   9986.2256	   2132.5455	   1490.0213	   9986.2169	   2132.4652	   	   1490.0111
41	   0.0107	   0.0025	   0.0125	   0.0315	   0.2268	   0.1710	   9986.2232	   2138.5461	   1490.0206	   9986.2125	   2138.5486	   	   1490.0081
42	   0.0088	   0.0071	   0.0143	   0.0213	   0.2294	   0.1720	   9986.2207	   2144.5467	   1490.0198	   9986.2119	   2144.5395	   	   1490.0054
43	   0.0064	   0.0642	   0.0159	   0.0116	   0.2313	   0.1730	   9986.2180	   2150.5474	   1490.0188	   9986.2116	   2150.4832	   	   1490.0030
44	   0.0049	   0.0147	   0.0123	   0.0213	   0.2356	   0.1850	   9986.2153	   2156.5481	   1490.0177	   9986.2103	   2156.5335	   	   1490.0055
45	   0.0074	   0.0455	   0.0114	   0.0197	   0.2553	   0.1870	   9986.2124	   2162.5490	   1490.0164	   9986.2050	   2162.5945	   	   1490.0051
46	   0.0122	   0.0229	   0.0089	   0.0241	   0.2858	   0.1850	   9986.2095	   2168.5499	   1490.0151	   9986.1973	   2168.5728	   	   1490.0062
47	   0.0111	   0.1646	   0.0075	   0.0247	   0.2968	   0.1900	   9986.2065	   2174.5508	   1490.0137	   9986.1954	   2174.3862	   	   1490.0063
48	   0.0050	   0.1487	   0.0060	   0.0231	   0.2886	   0.1940	   9986.2024	   2182.5520	   1490.0118	   9986.1974	   2182.4034	   	   1490.0059
49	   0.0057	   0.0168	   0.0061	   0.0141	   0.3064	   0.2000	   9986.1979	   2190.5533	   1490.0097	   9986.1922	   2190.5365	   	   1490.0036
50	   0.0117	   0.0630	   0.0100	   -0.0110	   0.3457	   0.2110	   9986.1933	   2198.5548	   1490.0072	   9986.1817	   2198.6178	   	   1489.9972
51	   0.0069	   0.0577	   0.0165	   -0.0481	   0.3473	   0.2030	   9986.1888	   2206.5565	   1490.0042	   9986.1820	   2206.4988	   	   1489.9877
52	   0.0025	   0.0356	   0.0110	   -0.0392	   0.3451	   0.1650	   9986.1846	   2214.5583	   1490.0010	   9986.1821	   2214.5938	   	   1489.9900
53	   0.0098	   0.0089	   0.0095	   -0.0434	   0.3874	   0.1650	   9986.1817	   2220.5596	   1489.9985	   9986.1719	   2220.5507	   	   1489.9889
54	   0.0116	   0.0918	   0.0054	   -0.0375	   0.4087	   0.1660	   9986.1790	   2226.5609	   1489.9959	   9986.1674	   2226.4692	   	   1489.9905
55	   0.0078	   0.1355	   0.0053	   -0.0478	   0.4066	   0.1670	   9986.1763	   2232.5623	   1489.9933	   9986.1685	   2232.4268	   	   1489.9880
56	   0.0057	   0.1081	   0.0107	   -0.0806	   0.4091	   0.1670	   9986.1737	   2238.5637	   1489.9905	   9986.1680	   2238.4555	   	   1489.9798
57	   0.0063	   0.0566	   0.0118	   -0.0961	   0.4221	   0.1650	   9986.1710	   2244.5651	   1489.9877	   9986.1647	   2244.5084	   	   1489.9759
58	   0.0095	   0.0132	   0.0095	   -0.0988	   0.4458	   0.1660	   9986.1683	   2250.5665	   1489.9847	   9986.1588	   2250.5533	   	   1489.9752
59	   0.0078	   0.0188	   0.0104	   -0.1149	   0.4505	   0.1660	   9986.1655	   2256.5680	   1489.9816	   9986.1577	   2256.5868	   	   1489.9712
60	   0.0077	   0.0668	   0.0101	   -0.1271	   0.4654	   0.1660	   9986.1627	   2262.5695	   1489.9785	   9986.1550	   2262.5027	   	   1489.9685
61	   0.0084	   0.0123	   0.0077	   -0.1304	   0.4790	   0.1660	   9986.1600	   2268.5710	   1489.9753	   9986.1515	   2268.5587	   	   1489.9676
62	   0.0081	   0.0323	   0.0101	   -0.1537	   0.4906	   0.1750	   9986.1573	   2274.5726	   1489.9721	   9986.1492	   2274.5402	   	   1489.9620
63	   0.0090	   0.0767	   0.0064	   -0.1535	   0.5071	   0.1660	   9986.1549	   2280.5741	   1489.9687	   9986.1459	   2280.4974	   	   1489.9623
64	   0.0097	   0.0270	   0.0076	   -0.1721	   0.5198	   0.1670	   9986.1525	   2286.5758	   1489.9652	   9986.1427	   2286.5488	   	   1489.9577
65	   0.0094	   0.0707	   0.0116	   -0.2015	   0.5260	   0.1670	   9986.1501	   2292.5773	   1489.9618	   9986.1407	   2292.6480	   	   1489.9503
66	   0.0073	   0.0366	   0.0092	   -0.2066	   0.5298	   0.1700	   9986.1478	   2298.5789	   1489.9584	   9986.1405	   2298.6155	   	   1489.9493
67	   0.0054	   0.0340	   0.0090	   -0.2215	   0.5357	   0.1650	   9986.1455	   2304.5804	   1489.9551	   9986.1401	   2304.5465	   	   1489.9461
68	   0.0049	   0.1953	   0.0094	   -0.2405	   0.5512	   0.1660	   9986.1432	   2310.5819	   1489.9517	   9986.1383	   2310.3866	   	   1489.9423
69	   0.0053	   0.0789	   0.0081	   -0.2479	   0.5594	   0.1660	   9986.1409	   2316.5834	   1489.9483	   9986.1356	   2316.5045	   	   1489.9402
70	   0.0065	   0.1364	   0.0081	   -0.2642	   0.5776	   0.1690	   9986.1387	   2322.5849	   1489.9449	   9986.1322	   2322.4485	   	   1489.9367
71	   0.0096	   0.0391	   0.0092	   -0.2819	   0.5973	   0.1670	   9986.1365	   2328.5864	   1489.9414	   9986.1269	   2328.5473	   	   1489.9322
72	   0.0122	   0.0871	   0.0099	   -0.2971	   0.6131	   0.1660	   9986.1345	   2334.5879	   1489.9381	   9986.1223	   2334.6750	   	   1489.9282
73	   0.0091	   0.1733	   0.0106	   -0.3126	   0.6058	   0.1670	   9986.1327	   2340.5893	   1489.9348	   9986.1236	   2340.7626	   	   1489.9242
74	   0.0091	   0.1408	   0.0103	   -0.3329	   0.6285	   0.1670	   9986.1311	   2346.5907	   1489.9316	   9986.1220	   2346.4498	   	   1489.9213
75	   0.0101	   0.1111	   0.0042	   -0.3205	   0.6390	   0.1660	   9986.1298	   2352.5920	   1489.9286	   9986.1197	   2352.4809	   	   1489.9243
76	   0.0128	   0.0654	   0.0113	   -0.3625	   0.6543	   0.1680	   9986.1288	   2358.5932	   1489.9257	   9986.1160	   2358.5278	   	   1489.9144
77	   0.0095	   0.0609	   0.0054	   -0.3466	   0.6397	   0.1680	   9986.1281	   2364.5944	   1489.9231	   9986.1186	   2364.6553	   	   1489.9177
78	   0.0058	   0.0024	   0.0098	   -0.3780	   0.6316	   0.1670	   9986.1275	   2370.5955	   1489.9206	   9986.1216	   2370.5978	   	   1489.9109
79	   0.0051	   0.2402	   0.0056	   -0.3776	   0.6439	   0.1840	   9986.1270	   2376.5965	   1489.9185	   9986.1220	   2376.3562	   	   1489.9129
80	   0.0057	   0.1045	   0.0065	   -0.3868	   0.6431	   0.1690	   9986.1267	   2382.5974	   1489.9166	   9986.1211	   2382.4929	   	   1489.9101
81	   0.0079	   0.0211	   0.0069	   -0.3931	   0.6490	   0.1690	   9986.1267	   2388.5981	   1489.9150	   9986.1188	   2388.6192	   	   1489.9081
82	   0.0064	   0.0540	   0.0092	   -0.4120	   0.6476	   0.1740	   9986.1269	   2394.5987	   1489.9137	   9986.1205	   2394.5448	   	   1489.9045
83	   0.0067	   0.0145	   0.0080	   -0.4110	   0.6467	   0.1850	   9986.1274	   2400.5992	   1489.9128	   9986.1207	   2400.5846	   	   1489.9048
84	   0.0060	   0.0700	   0.0080	   -0.4166	   0.6452	   0.1810	   9986.1282	   2406.5994	   1489.9122	   9986.1222	   2406.5294	   	   1489.9042
85	   0.0057	   0.0053	   0.0066	   -0.4110	   0.6380	   0.1820	   9986.1293	   2412.5995	   1489.9119	   9986.1235	   2412.6048	   	   1489.9053
86	   0.0060	   0.0060	   0.0086	   -0.4214	   0.6357	   0.1890	   9986.1306	   2418.5995	   1489.9119	   9986.1246	   2418.6055	   	   1489.9033
87	   0.0068	   0.0137	   0.0076	   -0.4182	   0.6360	   0.2060	   9986.1320	   2424.5994	   1489.9120	   9986.1252	   2424.5858	   	   1489.9044
88	   0.0053	   0.0601	   0.0064	   -0.4142	   0.6259	   0.2010	   9986.1340	   2432.5992	   1489.9125	   9986.1287	   2432.5391	   	   1489.9061
89	   0.0080	   0.0072	   0.0068	   -0.4125	   0.6292	   0.2020	   9986.1361	   2440.5989	   1489.9133	   9986.1280	   2440.5917	   	   1489.9066
90	   0.0068	   0.0138	   0.0086	   -0.4167	   0.6169	   0.2020	   9986.1383	   2448.5983	   1489.9147	   9986.1315	   2448.5844	   	   1489.9061
91	   0.0053	   0.0953	   0.0099	   -0.4183	   0.6052	   0.2080	   9986.1409	   2456.5973	   1489.9167	   9986.1357	   2456.5020	   	   1489.9068
92	   0.0081	   0.0700	   0.0109	   -0.4123	   0.6060	   0.2040	   9986.1439	   2464.5960	   1489.9193	   9986.1359	   2464.5260	   	   1489.9084
93	   0.0112	   0.0187	   0.0101	   -0.3954	   0.6058	   0.2060	   9986.1472	   2472.5945	   1489.9223	   9986.1360	   2472.5758	   	   1489.9122
94	   0.0044	   0.0503	   0.0043	   -0.3563	   0.5646	   0.2180	   9986.1505	   2480.5928	   1489.9258	   9986.1461	   2480.5425	   	   1489.9215
95	   0.0073	   0.0526	   0.0059	   -0.3455	   0.5615	   0.2040	   9986.1537	   2488.5909	   1489.9295	   9986.1464	   2488.6435	   	   1489.9236
96	   0.0061	   0.0160	   0.0050	   -0.3266	   0.5472	   0.2010	   9986.1569	   2496.5888	   1489.9336	   9986.1508	   2496.5728	   	   1489.9285
97	   0.0038	   0.0120	   0.0083	   -0.3227	   0.5248	   0.1990	   9986.1600	   2504.5865	   1489.9380	   9986.1562	   2504.5745	   	   1489.9297
98	   0.0126	   0.0202	   0.0131	   -0.3237	   0.5546	   0.2000	   9986.1631	   2512.5839	   1489.9430	   9986.1504	   2512.5637	   	   1489.9299
99	   0.0086	   0.0768	   0.0052	   -0.2610	   0.5208	   0.1980	   9986.1661	   2520.5810	   1489.9486	   9986.1574	   2520.6578	   	   1489.9433
100	   0.0078	   0.0502	   0.0054	   -0.2379	   0.5107	   0.1990	   9986.1691	   2528.5780	   1489.9545	   9986.1613	   2528.5278	   	   1489.9491
101	   0.0046	   0.0611	   0.0076	   -0.2203	   0.4842	   0.2010	   9986.1722	   2536.5748	   1489.9608	   9986.1676	   2536.5137	   	   1489.9532
102	   0.0102	   0.0338	   0.0037	   -0.1713	   0.4957	   0.2030	   9986.1757	   2544.5714	   1489.9674	   9986.1655	   2544.5376	   	   1489.9637
103	   0.0090	   0.0232	   0.0092	   -0.1637	   0.4752	   0.2170	   9986.1793	   2552.5677	   1489.9747	   9986.1703	   2552.5445	   	   1489.9655
104	   0.0066	   0.0441	   0.0085	   -0.1240	   0.4495	   0.2030	   9986.1829	   2560.5637	   1489.9825	   9986.1764	   2560.5196	   	   1489.9740
105	   0.0045	   0.0267	   0.0066	   -0.0754	   0.4244	   0.1970	   9986.1864	   2568.5595	   1489.9909	   9986.1820	   2568.5328	   	   1489.9843
106	   0.0055	   0.0784	   0.0051	   -0.0270	   0.4182	   0.1910	   9986.1896	   2576.5551	   1489.9996	   9986.1841	   2576.4767	   	   1489.9944
107	   0.0085	   0.0116	   0.0046	   0.0198	   0.4179	   0.1900	   9986.1927	   2584.5504	   1490.0087	   9986.1842	   2584.5389	   	   1490.0041
108	   0.0066	   0.0667	   0.0058	   0.0610	   0.3976	   0.1890	   9986.1958	   2592.5456	   1490.0183	   9986.1892	   2592.4789	   	   1490.0125
109	   0.0092	   0.0478	   0.0089	   0.0810	   0.3962	   0.1870	   9986.1982	   2598.5420	   1490.0256	   9986.1890	   2598.5898	   	   1490.0167
110	   0.0058	   0.0810	   0.0044	   0.1406	   0.3741	   0.1860	   9986.2005	   2604.5383	   1490.0329	   9986.1947	   2604.4573	   	   1490.0285
111	   0.0040	   0.0596	   0.0068	   0.1766	   0.3520	   0.1840	   9986.2034	   2612.5336	   1490.0425	   9986.1995	   2612.4740	   	   1490.0357
112	   0.0092	   0.0104	   0.0105	   0.1935	   0.3677	   0.1830	   9986.2054	   2618.5301	   1490.0497	   9986.1961	   2618.5405	   	   1490.0391
113	   0.0076	   0.1004	   0.0054	   0.2534	   0.3499	   0.1830	   9986.2071	   2624.5266	   1490.0568	   9986.1995	   2624.6270	   	   1490.0515
114	   0.0039	   0.0300	   0.0138	   0.2637	   0.3267	   0.1840	   9986.2092	   2632.5220	   1490.0665	   9986.2053	   2632.4919	   	   1490.0526
115	   0.0133	   0.0310	   0.0064	   0.3384	   0.3675	   0.1820	   9986.2108	   2638.5185	   1490.0736	   9986.1975	   2638.4875	   	   1490.0673
116	   0.0048	   0.0397	   0.0071	   0.3696	   0.3166	   0.1810	   9986.2123	   2644.5151	   1490.0807	   9986.2075	   2644.5548	   	   1490.0736
117	   0.0073	   0.0207	   0.0106	   0.3894	   0.3236	   0.1840	   9986.2138	   2650.5117	   1490.0877	   9986.2065	   2650.5324	   	   1490.0771
118	   0.0064	   0.0394	   0.0106	   0.4376	   0.3114	   0.1790	   9986.2155	   2658.5072	   1490.0969	   9986.2091	   2658.5465	   	   1490.0863
119	   0.0078	   0.0211	   0.0051	   0.5039	   0.3149	   0.1760	   9986.2167	   2664.5038	   1490.1038	   9986.2088	   2664.5249	   	   1490.0988
120	   0.0018	   0.0188	   0.0067	   0.5329	   0.2803	   0.1750	   9986.2177	   2670.5005	   1490.1106	   9986.2158	   2670.5193	   	   1490.1040
121	   0.0067	   0.0382	   0.0054	   0.5790	   0.3035	   0.1760	   9986.2186	   2676.4972	   1490.1173	   9986.2119	   2676.4590	   	   1490.1119
122	   0.0058	   0.0727	   0.0055	   0.6173	   0.2970	   0.1760	   9986.2194	   2682.4940	   1490.1239	   9986.2135	   2682.4214	   	   1490.1184
123	   0.0056	   0.1224	   0.0087	   0.6397	   0.2950	   0.1810	   9986.2200	   2688.4909	   1490.1303	   9986.2144	   2688.3685	   	   1490.1216
124	   0.0092	   0.0216	   0.0069	   0.6791	   0.3105	   0.1770	   9986.2204	   2694.4879	   1490.1366	   9986.2112	   2694.4662	   	   1490.1297
125	   0.0033	   0.0868	   0.0085	   0.7101	   0.2822	   0.1800	   9986.2205	   2700.4849	   1490.1428	   9986.2172	   2700.3981	   	   1490.1343
126	   0.0036	   0.0810	   0.0045	   0.7656	   0.2858	   0.1740	   9986.2203	   2706.4821	   1490.1487	   9986.2167	   2706.4010	   	   1490.1442
127	   0.0007	   0.0909	   0.0051	   0.7976	   0.2654	   0.1830	   9986.2201	   2712.4793	   1490.1545	   9986.2208	   2712.3885	   	   1490.1494
128	   0.0033	   0.0006	   0.0075	   0.8229	   0.2877	   0.1710	   9986.2198	   2720.4757	   1490.1621	   9986.2165	   2720.4751	   	   1490.1546
129	   0.0043	   0.0114	   0.0063	   0.8640	   0.2938	   0.1740	   9986.2199	   2726.4730	   1490.1677	   9986.2157	   2726.4616	   	   1490.1614
130	   0.0092	   0.0371	   0.0048	   0.9092	   0.3205	   0.1770	   9986.2202	   2732.4702	   1490.1734	   9986.2111	   2732.4331	   	   1490.1687
131	   0.0028	   0.1187	   0.0101	   0.9224	   0.2875	   0.1760	   9986.2207	   2738.4675	   1490.1791	   9986.2179	   2738.3488	   	   1490.1690
132	   0.0036	   0.0524	   0.0044	   0.9820	   0.2889	   0.1810	   9986.2211	   2744.4648	   1490.1847	   9986.2175	   2744.4124	   	   1490.1803
133	   0.0053	   0.0600	   0.0066	   1.0045	   0.2990	   0.1910	   9986.2212	   2750.4622	   1490.1900	   9986.2159	   2750.4022	   	   1490.1834
134	   0.0107	   0.0257	   0.0067	   1.0444	   0.3304	   0.1930	   9986.2210	   2758.4590	   1490.1969	   9986.2104	   2758.4332	   	   1490.1902
135	   0.0086	   0.0333	   0.0028	   1.1031	   0.3222	   0.2150	   9986.2205	   2766.4558	   1490.2036	   9986.2119	   2766.4892	   	   1490.2008
136	   0.0059	   0.0345	   0.0074	   1.1285	   0.3144	   0.2120	   9986.2199	   2774.4527	   1490.2103	   9986.2140	   2774.4182	   	   1490.2029
137	   0.0036	   0.0027	   0.0069	   1.1713	   0.3061	   0.2230	   9986.2193	   2782.4496	   1490.2168	   9986.2157	   2782.4469	   	   1490.2099
138	   0.0070	   0.0114	   0.0067	   1.2129	   0.3304	   0.2370	   9986.2186	   2790.4467	   1490.2230	   9986.2116	   2790.4581	   	   1490.2163
139	   0.0028	   0.0168	   0.0041	   1.2671	   0.3142	   0.2330	   9986.2176	   2798.4439	   1490.2288	   9986.2148	   2798.4607	   	   1490.2247
140	   0.0056	   0.0438	   0.0050	   1.3087	   0.3396	   0.2280	   9986.2166	   2806.4413	   1490.2343	   9986.2110	   2806.3975	   	   1490.2293
141	   0.0056	   0.0456	   0.0073	   1.3343	   0.3468	   0.2270	   9986.2158	   2814.4388	   1490.2396	   9986.2102	   2814.3932	   	   1490.2323
142	   0.0069	   0.0312	   0.0075	   1.3681	   0.3590	   0.2090	   9986.2152	   2822.4363	   1490.2446	   9986.2083	   2822.4051	   	   1490.2370
143	   0.0053	   0.0695	   0.0088	   1.4022	   0.3557	   0.2030	   9986.2149	   2830.4338	   1490.2493	   9986.2095	   2830.3644	   	   1490.2405
144	   0.0031	   0.0261	   0.0051	   1.4529	   0.3454	   0.2210	   9986.2145	   2838.4315	   1490.2538	   9986.2114	   2838.4054	   	   1490.2487
145	   0.0039	   0.0294	   0.0089	   1.4644	   0.3537	   0.2230	   9986.2143	   2846.4293	   1490.2579	   9986.2104	   2846.3999	   	   1490.2490
146	   0.0067	   0.0232	   0.0024	   1.5271	   0.3709	   0.2310	   9986.2143	   2854.4273	   1490.2618	   9986.2075	   2854.4505	   	   1490.2594
147	   0.0072	   0.0400	   0.0054	   1.5512	   0.3762	   0.2250	   9986.2147	   2862.4253	   1490.2655	   9986.2075	   2862.3853	   	   1490.2601
148	   0.0025	   0.1180	   0.0073	   1.5848	   0.3479	   0.2150	   9986.2155	   2870.4234	   1490.2692	   9986.2131	   2870.3054	   	   1490.2619
149	   0.0085	   0.0181	   0.0028	   1.6224	   0.3734	   0.2130	   9986.2168	   2878.4214	   1490.2730	   9986.2084	   2878.4395	   	   1490.2702
150	   0.0052	   0.0414	   0.0037	   1.6619	   0.3485	   0.2160	   9986.2185	   2886.4194	   1490.2769	   9986.2132	   2886.3781	   	   1490.2733
151	   0.0030	   0.0900	   0.0046	   1.7006	   0.3281	   0.2160	   9986.2202	   2894.4174	   1490.2810	   9986.2172	   2894.3274	   	   1490.2763
152	   0.0057	   0.0577	   0.0053	   1.7274	   0.3348	   0.1730	   9986.2220	   2902.4153	   1490.2851	   9986.2163	   2902.3577	   	   1490.2798
153	   0.0071	   0.0733	   0.0085	   1.7389	   0.3382	   0.1710	   9986.2232	   2908.4138	   1490.2882	   9986.2161	   2908.3404	   	   1490.2798
154	   0.0047	   0.0637	   0.0073	   1.7724	   0.3172	   0.1770	   9986.2245	   2914.4122	   1490.2914	   9986.2197	   2914.3485	   	   1490.2840
155	   0.0055	   0.0234	   0.0045	   1.8113	   0.3138	   0.1830	   9986.2258	   2920.4106	   1490.2945	   9986.2203	   2920.3872	   	   1490.2901
156	   0.0062	   0.0826	   0.0063	   1.8402	   0.3136	   0.1880	   9986.2271	   2926.4090	   1490.2976	   9986.2209	   2926.3264	   	   1490.2913
157	   0.0029	   0.0480	   0.0051	   1.8784	   0.2804	   0.1880	   9986.2292	   2934.4071	   1490.3015	   9986.2263	   2934.3590	   	   1490.2964
158	   0.0038	   0.0569	   0.0069	   1.9039	   0.2755	   0.1940	   9986.2312	   2942.4053	   1490.3050	   9986.2274	   2942.3483	   	   1490.2981
159	   0.0018	   0.0915	   0.0070	   1.9443	   0.2543	   0.2170	   9986.2330	   2950.4037	   1490.3081	   9986.2312	   2950.3122	   	   1490.3012
160	   0.0077	   0.0216	   0.0053	   1.9706	   0.2827	   0.2100	   9986.2344	   2958.4024	   1490.3109	   9986.2267	   2958.3808	   	   1490.3056
161	   0.0037	   0.0771	   0.0050	   2.0143	   0.2516	   0.2120	   9986.2357	   2966.4012	   1490.3132	   9986.2320	   2966.3241	   	   1490.3082
162	   0.0042	   0.0148	   0.0055	   2.0228	   0.2454	   0.2100	   9986.2372	   2974.4003	   1490.3151	   9986.2330	   2974.3855	   	   1490.3096
163	   0.0001	   0.0165	   0.0059	   2.0359	   0.2073	   0.1960	   9986.2389	   2982.3996	   1490.3164	   9986.2389	   2982.4161	   	   1490.3106
164	   0.0040	   0.0172	   0.0015	   2.0843	   0.2239	   0.2150	   9986.2406	   2990.3992	   1490.3172	   9986.2366	   2990.4164	   	   1490.3158
165	   0.0034	   0.0368	   0.0038	   2.0977	   0.2099	   0.2300	   9986.2426	   2998.3991	   1490.3174	   9986.2392	   2998.3623	   	   1490.3136
166	   0.0015	   0.0304	   0.0053	   2.0979	   0.1638	   0.2170	   9986.2447	   3006.3993	   1490.3170	   9986.2462	   3006.3689	   	   1490.3117
167	   0.0030	   0.0588	   0.0062	   2.1059	   0.1821	   0.2050	   9986.2468	   3014.3999	   1490.3159	   9986.2438	   3014.3411	   	   1490.3097
168	   0.0048	   0.0737	   0.0072	   2.1073	   0.1831	   0.2060	   9986.2487	   3022.4007	   1490.3143	   9986.2439	   3022.3270	   	   1490.3071
169	   0.0045	   0.0132	   0.0041	   2.1135	   0.1709	   0.2040	   9986.2501	   3030.4018	   1490.3122	   9986.2456	   3030.3886	   	   1490.3081
170	   0.0067	   0.0095	   0.0042	   2.1101	   0.1785	   0.2040	   9986.2514	   3038.4032	   1490.3097	   9986.2447	   3038.3937	   	   1490.3056
171	   0.0036	   0.0267	   0.0047	   2.0914	   0.1485	   0.2070	   9986.2527	   3046.4048	   1490.3068	   9986.2491	   3046.4314	   	   1490.3021
172	   0.0040	   0.1454	   0.0075	   2.1091	   0.1447	   0.2030	   9986.2542	   3054.4065	   1490.3036	   9986.2502	   3054.2611	   	   1490.2961
173	   0.0003	   0.0365	   0.0019	   2.0917	   0.1044	   0.2080	   9986.2559	   3062.4083	   1490.3001	   9986.2557	   3062.4448	   	   1490.2982
174	   0.0002	   0.0707	   0.0029	   2.1009	   0.0911	   0.2000	   9986.2576	   3070.4103	   1490.2963	   9986.2578	   3070.3397	   	   1490.2935
175	   0.0061	   0.0312	   0.0043	   2.0488	   0.1240	   0.1980	   9986.2592	   3078.4126	   1490.2921	   9986.2531	   3078.4438	   	   1490.2878
176	   0.0058	   0.0177	   0.0070	   2.0229	   0.1135	   0.1960	   9986.2606	   3086.4151	   1490.2874	   9986.2548	   3086.3974	   	   1490.2804
177	   0.0068	   0.0044	   0.0038	   2.0214	   0.1128	   0.1970	   9986.2618	   3094.4177	   1490.2824	   9986.2550	   3094.4132	   	   1490.2786
178	   0.0036	   0.0563	   0.0003	   2.0129	   0.0836	   0.1930	   9986.2626	   3102.4204	   1490.2772	   9986.2590	   3102.4767	   	   1490.2775
179	   0.0034	   0.0292	   0.0011	   1.9819	   0.0784	   0.1950	   9986.2632	   3110.4234	   1490.2715	   9986.2598	   3110.4526	   	   1490.2703
180	   0.0040	   0.0532	   0.0002	   1.9498	   0.0813	   0.1960	   9986.2635	   3118.4268	   1490.2650	   9986.2595	   3118.4801	   	   1490.2649
181	   0.0047	   0.0424	   0.0041	   1.9054	   0.0876	   0.1940	   9986.2636	   3126.4306	   1490.2579	   9986.2589	   3126.3882	   	   1490.2538
182	   0.0045	   0.0054	   0.0038	   1.8538	   0.0876	   0.1890	   9986.2634	   3134.4346	   1490.2501	   9986.2589	   3134.4292	   	   1490.2463
183	   0.0001	   0.0349	   0.0054	   1.7991	   0.0601	   0.1900	   9986.2627	   3142.4389	   1490.2417	   9986.2626	   3142.4040	   	   1490.2363
184	   0.0020	   0.0220	   0.0018	   1.7822	   0.0809	   0.2040	   9986.2619	   3148.4423	   1490.2350	   9986.2600	   3148.4202	   	   1490.2332
185	   0.0030	   0.0349	   0.0032	   1.7144	   0.0998	   0.1880	   9986.2606	   3156.4469	   1490.2255	   9986.2576	   3156.4121	   	   1490.2223
186	   0.0056	   0.0261	   0.0086	   1.6227	   0.1295	   0.1880	   9986.2594	   3162.4505	   1490.2181	   9986.2538	   3162.4244	   	   1490.2095
187	   0.0062	   0.0246	   0.0029	   1.5997	   0.1509	   0.1900	   9986.2574	   3170.4554	   1490.2079	   9986.2512	   3170.4309	   	   1490.2050
188	   0.0034	   0.0415	   0.0049	   1.5160	   0.1505	   0.1850	   9986.2548	   3178.4604	   1490.1972	   9986.2514	   3178.4189	   	   1490.1924
189	   0.0042	   0.0538	   0.0057	   1.4540	   0.1757	   0.1830	   9986.2526	   3184.4643	   1490.1889	   9986.2484	   3184.4105	   	   1490.1831
190	   0.0067	   0.0016	   0.0030	   1.4034	   0.2143	   0.1870	   9986.2502	   3190.4684	   1490.1802	   9986.2435	   3190.4700	   	   1490.1771
191	   0.0039	   0.0243	   0.0036	   1.3182	   0.2208	   0.1770	   9986.2469	   3198.4740	   1490.1681	   9986.2430	   3198.4497	   	   1490.1645
192	   0.0030	   0.0376	   0.0050	   1.2422	   0.2365	   0.1830	   9986.2442	   3204.4783	   1490.1588	   9986.2412	   3204.4406	   	   1490.1539
193	   0.0014	   0.0332	   0.0001	   1.2131	   0.2260	   0.1820	   9986.2413	   3210.4826	   1490.1494	   9986.2427	   3210.4494	   	   1490.1495
194	   0.0052	   0.0574	   0.0044	   1.1080	   0.3074	   0.1810	   9986.2382	   3216.4871	   1490.1396	   9986.2330	   3216.4297	   	   1490.1353
195	   0.0049	   0.0352	   0.0010	   1.0568	   0.3349	   0.1850	   9986.2347	   3222.4918	   1490.1297	   9986.2298	   3222.4566	   	   1490.1287
196	   0.0005	   0.0165	   0.0044	   0.9481	   0.3300	   0.1810	   9986.2310	   3228.4965	   1490.1195	   9986.2305	   3228.4800	   	   1490.1151
197	   0.0029	   0.0110	   0.0035	   0.8756	   0.3833	   0.1790	   9986.2271	   3234.5013	   1490.1092	   9986.2242	   3234.4903	   	   1490.1058
198	   0.0067	   0.0166	   0.0042	   0.7891	   0.4495	   0.1760	   9986.2233	   3240.5061	   1490.0989	   9986.2166	   3240.4895	   	   1490.0947
199	   0.0029	   0.0277	   0.0055	   0.6969	   0.4541	   0.1760	   9986.2194	   3246.5110	   1490.0885	   9986.2165	   3246.4833	   	   1490.0830
200	   0.0037	   0.0533	   0.0061	   0.6115	   0.4982	   0.1770	   9986.2155	   3252.5159	   1490.0782	   9986.2118	   3252.4626	   	   1490.0721
201	   0.0008	   0.0237	   0.0029	   0.5472	   0.5052	   0.1750	   9986.2114	   3258.5209	   1490.0678	   9986.2106	   3258.5446	   	   1490.0649
202	   0.0050	   0.0208	   0.0043	   0.4530	   0.5830	   0.1740	   9986.2072	   3264.5260	   1490.0574	   9986.2023	   3264.5052	   	   1490.0531
203	   0.0017	   0.0542	   0.0037	   0.3738	   0.5999	   0.1770	   9986.2027	   3270.5312	   1490.0470	   9986.2010	   3270.4770	   	   1490.0433
204	   0.0021	   0.0319	   0.0049	   0.2747	   0.6460	   0.1710	   9986.1980	   3276.5363	   1490.0366	   9986.1959	   3276.5044	   	   1490.0317
205	   0.0031	   0.0377	   0.0043	   0.1921	   0.7032	   0.1720	   9986.1929	   3282.5415	   1490.0264	   9986.1899	   3282.5038	   	   1490.0220
206	   0.0071	   0.0168	   0.0021	   0.1235	   0.7875	   0.2020	   9986.1876	   3288.5467	   1490.0162	   9986.1804	   3288.5298	   	   1490.0141
207	   0.0031	   0.0532	   0.0055	   -0.0237	   0.8295	   0.2360	   9986.1801	   3296.5535	   1490.0028	   9986.1769	   3296.5003	   	   1489.9973
208	   0.0027	   0.0106	   0.0059	   -0.1450	   0.8949	   0.1900	   9986.1724	   3304.5603	   1489.9896	   9986.1697	   3304.5497	   	   1489.9837
209	   0.0011	   0.0356	   0.0022	   -0.2306	   0.9605	   0.1710	   9986.1647	   3312.5671	   1489.9765	   9986.1636	   3312.5314	   	   1489.9743
210	   0.0053	   0.0049	   0.0038	   -0.3317	   1.0521	   0.1660	   9986.1589	   3318.5721	   1489.9669	   9986.1536	   3318.5671	   	   1489.9631
211	   0.0018	   0.0639	   0.0030	   -0.4166	   1.0888	   0.1750	   9986.1532	   3324.5770	   1489.9574	   9986.1514	   3324.5131	   	   1489.9544
212	   0.0018	   0.0619	   0.0000	   -0.4781	   1.1477	   0.1790	   9986.1475	   3330.5819	   1489.9480	   9986.1457	   3330.5200	   	   1489.9480
213	   0.0037	   0.0467	   0.0011	   -0.5765	   1.2211	   0.1670	   9986.1419	   3336.5868	   1489.9386	   9986.1383	   3336.5401	   	   1489.9376
214	   0.0039	   0.0096	   0.0046	   -0.6959	   1.2746	   0.1680	   9986.1364	   3342.5916	   1489.9293	   9986.1325	   3342.5821	   	   1489.9247
215	   0.0012	   0.0083	   0.0049	   -0.7885	   1.3093	   0.1690	   9986.1309	   3348.5965	   1489.9201	   9986.1297	   3348.5882	   	   1489.9152
216	   0.0035	   0.0351	   0.0007	   -0.8435	   1.3979	   0.1670	   9986.1253	   3354.6014	   1489.9110	   9986.1218	   3354.5663	   	   1489.9102
217	   0.0008	   0.0428	   0.0045	   -0.9703	   1.4376	   0.1690	   9986.1195	   3360.6062	   1489.9020	   9986.1187	   3360.5633	   	   1489.8976
218	   0.0039	   0.0091	   0.0049	   -1.0592	   1.5241	   0.1660	   9986.1137	   3366.6109	   1489.8932	   9986.1098	   3366.6018	   	   1489.8883
219	   0.0015	   0.0433	   0.0017	   -1.1234	   1.5760	   0.1660	   9986.1078	   3372.6155	   1489.8847	   9986.1064	   3372.5723	   	   1489.8830
220	   0.0017	   0.0251	   0.0024	   -1.2148	   1.6399	   0.1660	   9986.1020	   3378.6201	   1489.8763	   9986.1003	   3378.5950	   	   1489.8739
221	   0.0047	   0.0111	   0.0046	   -1.3163	   1.7244	   0.1780	   9986.0964	   3384.6246	   1489.8681	   9986.0917	   3384.6357	   	   1489.8635
222	   0.0022	   0.0016	   0.0033	   -1.3944	   1.7707	   0.1660	   9986.0907	   3390.6290	   1489.8600	   9986.0885	   3390.6274	   	   1489.8567
223	   0.0035	   0.0211	   0.0021	   -1.4749	   1.8575	   0.1660	   9986.0850	   3396.6334	   1489.8521	   9986.0815	   3396.6123	   	   1489.8500
224	   0.0029	   0.0094	   0.0013	   -1.5509	   1.9190	   0.1650	   9986.0792	   3402.6377	   1489.8443	   9986.0763	   3402.6283	   	   1489.8430
225	   0.0030	   0.0535	   0.0041	   -1.6787	   2.0072	   0.1660	   9986.0732	   3408.6419	   1489.8367	   9986.0703	   3408.5884	   	   1489.8326
226	   0.0022	   0.0264	   0.0033	   -1.7780	   2.0887	   0.1660	   9986.0654	   3416.6473	   1489.8268	   9986.0632	   3416.6209	   	   1489.8235
227	   0.0016	   0.0474	   0.0007	   -1.8431	   2.1644	   0.1660	   9986.0596	   3422.6511	   1489.8197	   9986.0580	   3422.6037	   	   1489.8190
228	   0.0041	   0.0138	   0.0032	   -1.9412	   2.2512	   0.1670	   9986.0539	   3428.6548	   1489.8128	   9986.0498	   3428.6410	   	   1489.8096
229	   0.0037	   0.0309	   0.0031	   -2.0310	   2.3282	   0.1730	   9986.0483	   3434.6585	   1489.8061	   9986.0446	   3434.6276	   	   1489.8029
230	   0.0034	   0.0067	   0.0039	   -2.1416	   2.4153	   0.1660	   9986.0408	   3442.6632	   1489.7972	   9986.0374	   3442.6565	   	   1489.7933
231	   0.0028	   0.0033	   0.0037	   -2.2236	   2.4861	   0.1690	   9986.0351	   3448.6667	   1489.7906	   9986.0322	   3448.6634	   	   1489.7869
232	   0.0026	   0.0318	   0.0020	   -2.3012	   2.5755	   0.1650	   9986.0294	   3454.6701	   1489.7842	   9986.0268	   3454.6383	   	   1489.7823
233	   0.0036	   0.0345	   0.0023	   -2.3903	   2.6662	   0.1660	   9986.0239	   3460.6734	   1489.7780	   9986.0203	   3460.6389	   	   1489.7757
234	   0.0004	   0.0512	   0.0019	   -2.4764	   2.7187	   0.1770	   9986.0186	   3466.6766	   1489.7720	   9986.0181	   3466.6254	   	   1489.7701
235	   0.0030	   0.0264	   0.0007	   -2.5599	   2.8332	   0.1670	   9986.0120	   3474.6806	   1489.7644	   9986.0090	   3474.6542	   	   1489.7638
236	   0.0026	   0.0380	   0.0035	   -2.6771	   2.9086	   0.1670	   9986.0074	   3480.6835	   1489.7590	   9986.0048	   3480.6455	   	   1489.7554
237	   0.0043	   0.0064	   0.0041	   -2.7461	   2.9808	   0.1660	   9986.0031	   3486.6863	   1489.7537	   9985.9987	   3486.6799	   	   1489.7496
238	   0.0039	   0.0216	   0.0023	   -2.8131	   3.0539	   0.1670	   9985.9990	   3492.6890	   1489.7487	   9985.9951	   3492.6674	   	   1489.7463
239	   0.0029	   0.0219	   0.0016	   -2.8817	   3.1109	   0.1720	   9985.9952	   3498.6916	   1489.7439	   9985.9923	   3498.6697	   	   1489.7423
240	   0.0003	   0.0400	   0.0027	   -2.9788	   3.1588	   0.1660	   9985.9917	   3504.6939	   1489.7395	   9985.9913	   3504.6540	   	   1489.7367
241	   0.0038	   0.0088	   0.0054	   -3.0516	   3.2285	   0.1680	   9985.9886	   3510.6962	   1489.7354	   9985.9848	   3510.7049	   	   1489.7300
242	   0.0021	   0.0349	   0.0020	   -3.1072	   3.2944	   0.1660	   9985.9861	   3516.6982	   1489.7317	   9985.9840	   3516.6633	   	   1489.7298
243	   0.0012	   0.0342	   0.0019	   -3.1716	   3.3358	   0.1670	   9985.9840	   3522.7000	   1489.7284	   9985.9828	   3522.6658	   	   1489.7265
244	   0.0001	   0.0195	   0.0039	   -3.2487	   3.3586	   0.1730	   9985.9824	   3528.7017	   1489.7254	   9985.9825	   3528.6823	   	   1489.7215
245	   0.0010	   0.0181	   0.0009	   -3.2930	   3.4306	   0.1660	   9985.9808	   3536.7037	   1489.7219	   9985.9797	   3536.6856	   	   1489.7209
246	   0.0000	   0.0129	   0.0018	   -3.3554	   3.4584	   0.1770	   9985.9797	   3542.7050	   1489.7197	   9985.9797	   3542.6921	   	   1489.7179
247	   0.0081	   0.0063	   0.0032	   -3.3987	   3.5689	   0.1670	   9985.9786	   3550.7063	   1489.7176	   9985.9705	   3550.7000	   	   1489.7143
248	   0.0046	   0.0220	   0.0013	   -3.3681	   3.5453	   0.1670	   9985.9781	   3556.7069	   1489.7165	   9985.9735	   3556.6849	   	   1489.7178
249	   0.0028	   0.0275	   0.0004	   -3.3889	   3.5306	   0.1660	   9985.9778	   3562.7073	   1489.7160	   9985.9750	   3562.6798	   	   1489.7164
250	   0.0044	   0.0192	   0.0000	   -3.3891	   3.5409	   0.1660	   9985.9780	   3568.7073	   1489.7159	   9985.9736	   3568.6881	   	   1489.7159
251	   0.0050	   0.0377	   0.0004	   -3.3902	   3.5499	   0.1670	   9985.9790	   3576.7070	   1489.7165	   9985.9740	   3576.6693	   	   1489.7169
252	   0.0002	   0.0062	   0.0032	   -3.4001	   3.4498	   0.1670	   9985.9803	   3582.7065	   1489.7174	   9985.9806	   3582.7003	   	   1489.7142
253	   0.0046	   0.0004	   0.0071	   -3.4288	   3.4842	   0.1670	   9985.9820	   3588.7057	   1489.7186	   9985.9773	   3588.7054	   	   1489.7115
254	   0.0034	   0.0347	   0.0004	   -3.3550	   3.4716	   0.1670	   9985.9839	   3594.7048	   1489.7202	   9985.9805	   3594.6701	   	   1489.7198
255	   0.0028	   0.0164	   0.0041	   -3.3402	   3.4035	   0.1680	   9985.9861	   3600.7037	   1489.7222	   9985.9833	   3600.7201	   	   1489.7181
256	   0.0022	   0.0296	   0.0016	   -3.3145	   3.4006	   0.1670	   9985.9885	   3606.7023	   1489.7246	   9985.9863	   3606.6728	   	   1489.7230
257	   0.0051	   0.0237	   0.0076	   -3.3160	   3.3671	   0.1700	   9985.9912	   3612.7007	   1489.7275	   9985.9861	   3612.7244	   	   1489.7199
258	   0.0037	   0.0119	   0.0046	   -3.2371	   3.3116	   0.1670	   9985.9953	   3620.6980	   1489.7320	   9985.9916	   3620.7100	   	   1489.7274
259	   0.0042	   0.0047	   0.0032	   -3.1652	   3.2681	   0.1670	   9986.0001	   3628.6950	   1489.7372	   9985.9959	   3628.6997	   	   1489.7340
260	   0.0029	   0.0122	   0.0027	   -3.1216	   3.2175	   0.1660	   9986.0041	   3634.6924	   1489.7415	   9986.0013	   3634.6801	   	   1489.7388
261	   0.0049	   0.0203	   0.0018	   -3.0621	   3.1953	   0.1660	   9986.0086	   3640.6896	   1489.7461	   9986.0037	   3640.6693	   	   1489.7443
262	   0.0045	   0.0114	   0.0020	   -3.0009	   3.1273	   0.1680	   9986.0136	   3646.6865	   1489.7511	   9986.0091	   3646.6751	   	   1489.7491
263	   0.0018	   0.0060	   0.0029	   -2.9473	   3.0281	   0.1670	   9986.0191	   3652.6832	   1489.7564	   9986.0173	   3652.6773	   	   1489.7535
264	   0.0029	   0.0063	   0.0047	   -2.9048	   2.9748	   0.1670	   9986.0248	   3658.6797	   1489.7620	   9986.0220	   3658.6734	   	   1489.7573
265	   0.0016	   0.0138	   0.0030	   -2.8193	   2.8939	   0.1680	   9986.0309	   3664.6760	   1489.7680	   9986.0293	   3664.6622	   	   1489.7650
266	   0.0025	   0.0228	   0.0017	   -2.7348	   2.8384	   0.1670	   9986.0371	   3670.6721	   1489.7743	   9986.0346	   3670.6493	   	   1489.7727
267	   0.0021	   0.0190	   0.0027	   -2.6392	   2.7306	   0.1670	   9986.0457	   3678.6665	   1489.7834	   9986.0436	   3678.6474	   	   1489.7807
268	   0.0033	   0.0140	   0.0019	   -2.5123	   2.6376	   0.1680	   9986.0548	   3686.6605	   1489.7932	   9986.0514	   3686.6465	   	   1489.7913
269	   0.0013	   0.0238	   0.0018	   -2.4261	   2.5362	   0.1740	   9986.0618	   3692.6558	   1489.8009	   9986.0605	   3692.6320	   	   1489.7991
270	   0.0032	   0.0125	   0.0033	   -2.3100	   2.4414	   0.1870	   9986.0714	   3700.6492	   1489.8119	   9986.0682	   3700.6368	   	   1489.8085
271	   0.0019	   0.0215	   0.0029	   -2.1741	   2.3148	   0.1670	   9986.0812	   3708.6425	   1489.8233	   9986.0793	   3708.6210	   	   1489.8204
272	   0.0020	   0.0240	   0.0028	   -2.0680	   2.2291	   0.1680	   9986.0887	   3714.6373	   1489.8322	   9986.0867	   3714.6133	   	   1489.8294
273	   0.0026	   0.0201	   0.0023	   -1.9504	   2.1429	   0.1680	   9986.0964	   3720.6321	   1489.8415	   9986.0938	   3720.6120	   	   1489.8392
274	   0.0040	   0.0067	   0.0023	   -1.8310	   2.0597	   0.1670	   9986.1044	   3726.6268	   1489.8511	   9986.1004	   3726.6201	   	   1489.8488
275	   0.0044	   0.0234	   0.0039	   -1.7362	   1.9749	   0.1680	   9986.1126	   3732.6213	   1489.8612	   9986.1082	   3732.5979	   	   1489.8573
276	   0.0035	   0.0255	   0.0027	   -1.5960	   1.8648	   0.1680	   9986.1210	   3738.6156	   1489.8718	   9986.1175	   3738.5901	   	   1489.8690
277	   0.0029	   0.0303	   0.0024	   -1.4612	   1.7575	   0.1670	   9986.1296	   3744.6098	   1489.8828	   9986.1266	   3744.5795	   	   1489.8804
278	   0.0031	   0.0110	   0.0008	   -1.2971	   1.6488	   0.1670	   9986.1382	   3750.6038	   1489.8943	   9986.1352	   3750.5928	   	   1489.8935
279	   0.0023	   0.0194	   0.0037	   -1.1910	   1.5366	   0.1660	   9986.1471	   3756.5977	   1489.9062	   9986.1448	   3756.5783	   	   1489.9025
280	   0.0035	   0.0019	   0.0031	   -1.0323	   1.4358	   0.1670	   9986.1562	   3762.5915	   1489.9184	   9986.1526	   3762.5935	   	   1489.9152
281	   0.0011	   0.0007	   0.0026	   -0.8758	   1.2952	   0.1680	   9986.1655	   3768.5853	   1489.9308	   9986.1644	   3768.5846	   	   1489.9282
282	   0.0026	   0.0123	   0.0037	   -0.6877	   1.1610	   0.1700	   9986.1783	   3776.5770	   1489.9476	   9986.1758	   3776.5646	   	   1489.9439
283	   0.0018	   0.0342	   0.0023	   -0.4649	   0.9986	   0.1690	   9986.1914	   3784.5686	   1489.9646	   9986.1896	   3784.5345	   	   1489.9623
284	   0.0043	   0.0352	   0.0008	   -0.2884	   0.9097	   0.1680	   9986.2012	   3790.5624	   1489.9775	   9986.1969	   3790.5272	   	   1489.9767
285	   0.0014	   0.0125	   0.0000	   -0.1180	   0.7499	   0.1670	   9986.2110	   3796.5561	   1489.9904	   9986.2096	   3796.5436	   	   1489.9904
286	   0.0018	   0.0345	   0.0004	   0.0372	   0.5961	   0.1690	   9986.2206	   3802.5499	   1490.0034	   9986.2224	   3802.5154	   	   1490.0030
287	   0.0033	   0.0029	   0.0002	   0.2050	   0.5374	   0.1690	   9986.2301	   3808.5436	   1490.0164	   9986.2269	   3808.5465	   	   1490.0167
288	   0.0039	   0.0094	   0.0022	   0.3351	   0.4305	   0.1680	   9986.2394	   3814.5374	   1490.0294	   9986.2355	   3814.5467	   	   1490.0272
289	   0.0019	   0.0045	   0.0026	   0.4901	   0.2950	   0.1680	   9986.2485	   3820.5312	   1490.0423	   9986.2466	   3820.5357	   	   1490.0397
290	   0.0024	   0.0262	   0.0011	   0.6717	   0.1935	   0.1690	   9986.2574	   3826.5251	   1490.0551	   9986.2550	   3826.4989	   	   1490.0540
291	   0.0010	   0.0138	   0.0007	   0.8312	   0.0661	   0.1680	   9986.2662	   3832.5191	   1490.0677	   9986.2652	   3832.5053	   	   1490.0670
292	   0.0014	   0.0228	   0.0023	   0.9696	   -0.0369	   0.1690	   9986.2749	   3838.5131	   1490.0801	   9986.2735	   3838.4903	   	   1490.0779
293	   0.0037	   0.0289	   0.0015	   1.1858	   -0.1548	   0.1740	   9986.2866	   3846.5054	   1490.0964	   9986.2829	   3846.4765	   	   1490.0949
294	   0.0011	   0.0009	   0.0009	   1.3844	   -0.3309	   0.1680	   9986.2983	   3854.4978	   1490.1123	   9986.2972	   3854.4987	   	   1490.1114
295	   0.0024	   0.0041	   0.0015	   1.5243	   -0.4232	   0.1690	   9986.3069	   3860.4924	   1490.1239	   9986.3045	   3860.4883	   	   1490.1224
296	   0.0018	   0.0070	   0.0013	   1.6704	   -0.5338	   0.1700	   9986.3151	   3866.4871	   1490.1351	   9986.3133	   3866.4801	   	   1490.1339
297	   0.0022	   0.0170	   0.0034	   1.7870	   -0.6304	   0.1680	   9986.3230	   3872.4819	   1490.1461	   9986.3209	   3872.4649	   	   1490.1427
298	   0.0020	   0.0149	   0.0030	   1.9270	   -0.7264	   0.1720	   9986.3305	   3878.4769	   1490.1568	   9986.3285	   3878.4619	   	   1490.1538
299	   0.0015	   0.0071	   0.0002	   2.0922	   -0.8224	   0.1680	   9986.3377	   3884.4719	   1490.1673	   9986.3362	   3884.4648	   	   1490.1671
300	   0.0007	   0.0062	   0.0035	   2.2223	   -0.9467	   0.1690	   9986.3468	   3892.4653	   1490.1808	   9986.3460	   3892.4591	   	   1490.1773
301	   0.0019	   0.0214	   0.0035	   2.3941	   -1.0462	   0.1690	   9986.3555	   3900.4591	   1490.1937	   9986.3536	   3900.4377	   	   1490.1901
302	   0.0007	   0.0233	   0.0033	   2.5153	   -1.1420	   0.1700	   9986.3617	   3906.4546	   1490.2028	   9986.3611	   3906.4313	   	   1490.1995
303	   0.0021	   0.0200	   0.0012	   2.6865	   -1.2247	   0.1690	   9986.3697	   3914.4489	   1490.2142	   9986.3676	   3914.4289	   	   1490.2130
304	   0.0022	   0.0044	   0.0020	   2.7702	   -1.2899	   0.1690	   9986.3752	   3920.4448	   1490.2222	   9986.3730	   3920.4404	   	   1490.2202
305	   0.0018	   0.0273	   0.0034	   2.8624	   -1.3696	   0.1690	   9986.3804	   3926.4410	   1490.2296	   9986.3787	   3926.4136	   	   1490.2262
306	   0.0029	   0.0282	   0.0017	   2.9744	   -1.4175	   0.1680	   9986.3853	   3932.4374	   1490.2365	   9986.3824	   3932.4092	   	   1490.2348
307	   0.0037	   0.0193	   0.0018	   3.0506	   -1.4621	   0.1710	   9986.3897	   3938.4340	   1490.2429	   9986.3860	   3938.4148	   	   1490.2411
308	   0.0043	   0.0366	   0.0021	   3.1349	   -1.5129	   0.1690	   9986.3938	   3944.4309	   1490.2488	   9986.3895	   3944.3943	   	   1490.2467
309	   0.0033	   0.0215	   0.0020	   3.2188	   -1.5851	   0.1700	   9986.3988	   3952.4271	   1490.2559	   9986.3955	   3952.4056	   	   1490.2539
310	   0.0030	   0.0122	   0.0008	   3.2909	   -1.6302	   0.1680	   9986.4022	   3958.4244	   1490.2608	   9986.3992	   3958.4123	   	   1490.2600
311	   0.0005	   0.0029	   0.0018	   3.3290	   -1.6989	   0.1690	   9986.4054	   3964.4220	   1490.2653	   9986.4049	   3964.4192	   	   1490.2635
312	   0.0024	   0.0195	   0.0018	   3.3940	   -1.7188	   0.1700	   9986.4083	   3970.4199	   1490.2693	   9986.4059	   3970.4004	   	   1490.2675
313	   0.0037	   0.0201	   0.0031	   3.4381	   -1.7464	   0.1700	   9986.4116	   3978.4174	   1490.2739	   9986.4080	   3978.3973	   	   1490.2708
314	   0.0003	   0.0124	   0.0013	   3.4944	   -1.8142	   0.1690	   9986.4138	   3984.4158	   1490.2769	   9986.4135	   3984.4035	   	   1490.2756
315	   0.0036	   0.0251	   0.0043	   3.5098	   -1.8091	   0.1700	   9986.4162	   3992.4141	   1490.2802	   9986.4126	   3992.3890	   	   1490.2759
316	   0.0028	   0.0224	   0.0021	   3.5623	   -1.8394	   0.1750	   9986.4178	   3998.4130	   1490.2823	   9986.4151	   3998.3906	   	   1490.2802
317	   0.0038	   0.0187	   0.0030	   3.5755	   -1.8473	   0.1700	   9986.4196	   4006.4119	   1490.2844	   9986.4158	   4006.3932	   	   1490.2814
318	   0.0031	   0.0141	   0.0006	   3.6178	   -1.8679	   0.1690	   9986.4207	   4012.4113	   1490.2856	   9986.4175	   4012.3972	   	   1490.2850
319	   0.0023	   0.0237	   0.0018	   3.6224	   -1.8948	   0.1690	   9986.4216	   4020.4108	   1490.2865	   9986.4193	   4020.3870	   	   1490.2847
320	   0.0029	   0.0257	   0.0015	   3.6313	   -1.8919	   0.1760	   9986.4219	   4026.4106	   1490.2867	   9986.4190	   4026.3849	   	   1490.2853
321	   0.0030	   0.0194	   0.0018	   3.6172	   -1.8897	   0.1700	   9986.4220	   4034.4107	   1490.2864	   9986.4191	   4034.3913	   	   1490.2846
322	   0.0001	   0.0094	   0.0009	   3.6054	   -1.9196	   0.1700	   9986.4217	   4042.4113	   1490.2851	   9986.4218	   4042.4019	   	   1490.2843
323	   0.0039	   0.0372	   0.0043	   3.5564	   -1.8683	   0.1700	   9986.4208	   4050.4123	   1490.2831	   9986.4168	   4050.3750	   	   1490.2787
324	   0.0027	   0.0036	   0.0005	   3.5516	   -1.8551	   0.1700	   9986.4197	   4056.4132	   1490.2810	   9986.4169	   4056.4096	   	   1490.2805
325	   0.0013	   0.0083	   0.0008	   3.5198	   -1.8564	   0.1690	   9986.4182	   4062.4143	   1490.2786	   9986.4169	   4062.4060	   	   1490.2778
326	   0.0027	   0.0247	   0.0028	   3.4703	   -1.8226	   0.1690	   9986.4165	   4068.4156	   1490.2758	   9986.4138	   4068.3910	   	   1490.2729
327	   0.0016	   0.0215	   0.0023	   3.4341	   -1.8114	   0.1690	   9986.4146	   4074.4170	   1490.2726	   9986.4130	   4074.3955	   	   1490.2704
328	   0.0026	   0.0074	   0.0003	   3.4020	   -1.7661	   0.1690	   9986.4126	   4080.4187	   1490.2691	   9986.4099	   4080.4113	   	   1490.2688
329	   0.0010	   0.0129	   0.0017	   3.3189	   -1.7491	   0.1690	   9986.4095	   4088.4211	   1490.2637	   9986.4085	   4088.4082	   	   1490.2620
330	   0.0030	   0.0230	   0.0052	   3.2027	   -1.6831	   0.1710	   9986.4061	   4096.4239	   1490.2576	   9986.4031	   4096.4010	   	   1490.2524
331	   0.0023	   0.0245	   0.0029	   3.1466	   -1.6401	   0.1730	   9986.4021	   4104.4271	   1490.2510	   9986.3997	   4104.4026	   	   1490.2481
332	   0.0044	   0.0337	   0.0039	   3.0705	   -1.5759	   0.1710	   9986.3989	   4110.4296	   1490.2456	   9986.3945	   4110.3960	   	   1490.2417
333	   0.0048	   0.0285	   0.0035	   2.9720	   -1.5114	   0.1700	   9986.3944	   4118.4333	   1490.2379	   9986.3897	   4118.4048	   	   1490.2344
334	   0.0018	   0.0106	   0.0026	   2.8942	   -1.4970	   0.1750	   9986.3909	   4124.4362	   1490.2319	   9986.3891	   4124.4256	   	   1490.2293
335	   0.0030	   0.0194	   0.0030	   2.7857	   -1.4182	   0.1690	   9986.3857	   4132.4403	   1490.2234	   9986.3827	   4132.4208	   	   1490.2205
336	   0.0011	   0.0232	   0.0013	   2.6957	   -1.3689	   0.1790	   9986.3799	   4140.4444	   1490.2147	   9986.3788	   4140.4212	   	   1490.2133
337	   0.0021	   0.0261	   0.0034	   2.5835	   -1.2961	   0.1930	   9986.3751	   4146.4476	   1490.2079	   9986.3731	   4146.4216	   	   1490.2045
338	   0.0022	   0.0256	   0.0019	   2.4836	   -1.2082	   0.1990	   9986.3685	   4154.4520	   1490.1986	   9986.3662	   4154.4264	   	   1490.1968
339	   0.0017	   0.0172	   0.0014	   2.3646	   -1.1262	   0.2090	   9986.3616	   4162.4564	   1490.1892	   9986.3600	   4162.4392	   	   1490.1879
340	   0.0010	   0.0165	   0.0027	   2.2258	   -1.0473	   0.2270	   9986.3548	   4170.4609	   1490.1798	   9986.3538	   4170.4444	   	   1490.1770
341	   0.0022	   0.0151	   0.0020	   2.0796	   -0.9204	   0.2370	   9986.3461	   4180.4667	   1490.1676	   9986.3438	   4180.4515	   	   1490.1656
342	   0.0024	   0.0122	   0.0025	   1.9431	   -0.8237	   0.2400	   9986.3386	   4188.4716	   1490.1575	   9986.3362	   4188.4593	   	   1490.1550
343	   0.0025	   0.0209	   0.0024	   1.7840	   -0.6967	   0.2450	   9986.3286	   4198.4780	   1490.1447	   9986.3261	   4198.4572	   	   1490.1422
344	   0.0008	   0.0272	   0.0036	   1.6127	   -0.5830	   0.2600	   9986.3178	   4208.4844	   1490.1322	   9986.3170	   4208.4572	   	   1490.1286
345	   0.0030	   0.0134	   0.0018	   1.4763	   -0.4122	   0.2510	   9986.3065	   4218.4909	   1490.1200	   9986.3035	   4218.4775	   	   1490.1182
346	   0.0032	   0.0353	   0.0021	   1.3248	   -0.2715	   0.2520	   9986.2954	   4228.4975	   1490.1078	   9986.2922	   4228.4622	   	   1490.1057
347	   0.0007	   0.0141	   0.0016	   1.1714	   -0.1648	   0.2490	   9986.2845	   4238.5043	   1490.0957	   9986.2838	   4238.4902	   	   1490.0941
348	   0.0034	   0.0401	   0.0027	   1.0139	   0.0034	   0.2570	   9986.2736	   4248.5110	   1490.0837	   9986.2703	   4248.4709	   	   1490.0811
349	   0.0040	   0.0282	   0.0021	   0.8715	   0.1479	   0.2480	   9986.2626	   4258.5177	   1490.0721	   9986.2587	   4258.4895	   	   1490.0700
350	   0.0026	   0.0110	   0.0021	   0.7277	   0.2667	   0.2140	   9986.2516	   4268.5242	   1490.0608	   9986.2490	   4268.5132	   	   1490.0587
351	   0.0028	   0.0265	   0.0021	   0.6220	   0.3790	   0.2030	   9986.2428	   4276.5291	   1490.0522	   9986.2400	   4276.5026	   	   1490.0501
352	   0.0009	   0.0312	   0.0046	   0.4858	   0.4632	   0.2060	   9986.2342	   4284.5339	   1490.0437	   9986.2332	   4284.5027	   	   1490.0391
353	   0.0008	   0.0220	   0.0055	   0.3685	   0.5676	   0.2040	   9986.2255	   4292.5386	   1490.0353	   9986.2247	   4292.5166	   	   1490.0298
354	   0.0010	   0.0164	   0.0067	   0.2489	   0.6742	   0.2010	   9986.2169	   4300.5433	   1490.0268	   9986.2160	   4300.5270	   	   1490.0201
355	   0.0011	   0.0159	   0.0064	   0.1489	   0.7818	   0.2020	   9986.2083	   4308.5479	   1490.0185	   9986.2072	   4308.5321	   	   1490.0121
356	   0.0011	   0.0030	   0.0036	   0.0839	   0.8832	   0.2020	   9986.1997	   4316.5524	   1490.0104	   9986.1986	   4316.5554	   	   1490.0068
357	   0.0001	   0.0292	   0.0010	   0.0441	   0.9822	   0.2500	   9986.1909	   4324.5566	   1490.0026	   9986.1910	   4324.5274	   	   1490.0036
358	   0.0044	   0.0162	   0.0040	   -0.1295	   1.1616	   0.2500	   9986.1799	   4334.5615	   1489.9934	   9986.1755	   4334.5777	   	   1489.9894
359	   0.0029	   0.0104	   0.0038	   -0.2341	   1.2813	   0.2460	   9986.1691	   4344.5660	   1489.9848	   9986.1662	   4344.5556	   	   1489.9809
360	   0.0022	   0.0053	   0.0041	   -0.3347	   1.3990	   0.2600	   9986.1586	   4354.5702	   1489.9768	   9986.1564	   4354.5649	   	   1489.9727
361	   0.0018	   0.0359	   0.0037	   -0.4240	   1.5303	   0.2420	   9986.1481	   4364.5741	   1489.9693	   9986.1464	   4364.5381	   	   1489.9656
362	   0.0028	   0.0218	   0.0019	   -0.4862	   1.6617	   0.2420	   9986.1380	   4374.5776	   1489.9623	   9986.1352	   4374.5559	   	   1489.9604
363	   0.0016	   0.0179	   0.0029	   -0.5751	   1.7653	   0.2410	   9986.1281	   4384.5808	   1489.9560	   9986.1265	   4384.5628	   	   1489.9531
364	   0.0025	   0.0258	   0.0037	   -0.6507	   1.9006	   0.2430	   9986.1181	   4394.5832	   1489.9507	   9986.1156	   4394.5574	   	   1489.9470
365	   0.0025	   0.0326	   0.0030	   -0.6949	   2.0309	   0.2400	   9986.1077	   4404.5851	   1489.9465	   9986.1052	   4404.5524	   	   1489.9435
366	   0.0018	   0.0187	   0.0028	   -0.7292	   2.1439	   0.2370	   9986.0972	   4414.5863	   1489.9433	   9986.0954	   4414.5676	   	   1489.9405
367	   0.0027	   0.0277	   0.0029	   -0.7573	   2.2788	   0.2350	   9986.0874	   4424.5870	   1489.9412	   9986.0847	   4424.5592	   	   1489.9383
368	   0.0031	   0.0080	   0.0023	   -0.7568	   2.3839	   0.2500	   9986.0784	   4434.5870	   1489.9404	   9986.0753	   4434.5790	   	   1489.9381
369	   0.0026	   0.0307	   0.0024	   -0.7531	   2.4901	   0.1860	   9986.0703	   4444.5864	   1489.9411	   9986.0676	   4444.5557	   	   1489.9387
370	   0.0026	   0.0273	   0.0024	   -0.7329	   2.5622	   0.1920	   9986.0642	   4452.5854	   1489.9427	   9986.0616	   4452.5582	   	   1489.9403
371	   0.0014	   0.0337	   0.0029	   -0.7073	   2.6224	   0.2340	   9986.0585	   4460.5841	   1489.9453	   9986.0571	   4460.5504	   	   1489.9425
372	   0.0018	   0.0297	   0.0020	   -0.6388	   2.7086	   0.2340	   9986.0517	   4470.5818	   1489.9500	   9986.0500	   4470.5521	   	   1489.9480
373	   0.0004	   0.0127	   0.0033	   -0.5762	   2.7595	   0.2350	   9986.0456	   4480.5788	   1489.9563	   9986.0452	   4480.5661	   	   1489.9530
374	   0.0041	   0.0113	   0.0042	   -0.4909	   2.8703	   0.2380	   9986.0403	   4490.5751	   1489.9641	   9986.0362	   4490.5638	   	   1489.9600
375	   0.0032	   0.0208	   0.0028	   -0.3625	   2.9213	   0.2330	   9986.0360	   4500.5707	   1489.9733	   9986.0327	   4500.5499	   	   1489.9705
376	   0.0017	   0.0202	   0.0012	   -0.2168	   2.9488	   0.2350	   9986.0324	   4510.5659	   1489.9836	   9986.0307	   4510.5457	   	   1489.9824
377	   0.0026	   0.0407	   0.0002	   -0.0686	   3.0140	   0.2310	   9986.0293	   4520.5607	   1489.9947	   9986.0268	   4520.5200	   	   1489.9945
378	   0.0022	   0.0042	   0.0009	   0.0956	   3.0215	   0.2290	   9986.0267	   4530.5549	   1490.0068	   9986.0245	   4530.5507	   	   1490.0078
379	   0.0010	   0.0176	   0.0014	   0.2654	   3.0481	   0.2260	   9986.0244	   4540.5486	   1490.0201	   9986.0234	   4540.5310	   	   1490.0215
380	   0.0071	   0.0038	   0.0024	   0.3906	   3.1481	   0.2270	   9986.0220	   4550.5419	   1490.0341	   9986.0149	   4550.5380	   	   1490.0317
381	   0.0018	   0.0112	   0.0015	   0.5842	   3.1146	   0.2250	   9986.0201	   4558.5363	   1490.0458	   9986.0183	   4558.5252	   	   1490.0473
382	   0.0025	   0.0275	   0.0027	   0.7235	   3.1653	   0.2330	   9986.0180	   4568.5292	   1490.0610	   9986.0155	   4568.5018	   	   1490.0582
383	   0.0030	   0.0162	   0.0012	   0.9377	   3.1946	   0.2260	   9986.0159	   4578.5218	   1490.0768	   9986.0129	   4578.5056	   	   1490.0755
384	   0.0018	   0.0410	   0.0026	   1.1305	   3.2286	   0.2120	   9986.0137	   4588.5143	   1490.0931	   9986.0120	   4588.4733	   	   1490.0904
385	   0.0027	   0.0242	   0.0021	   1.3008	   3.2531	   0.2100	   9986.0121	   4596.5082	   1490.1064	   9986.0094	   4596.4840	   	   1490.1043
386	   0.0018	   0.0121	   0.0024	   1.4653	   3.2571	   0.2110	   9986.0106	   4604.5019	   1490.1201	   9986.0088	   4604.4897	   	   1490.1177
387	   0.0022	   0.0220	   0.0015	   1.6561	   3.2907	   0.2060	   9986.0092	   4612.4955	   1490.1340	   9986.0070	   4612.4735	   	   1490.1325
388	   0.0014	   0.0118	   0.0017	   1.8265	   3.2945	   0.2130	   9986.0078	   4620.4892	   1490.1480	   9986.0065	   4620.4773	   	   1490.1463
389	   0.0022	   0.0307	   0.0040	   1.9824	   3.3405	   0.2080	   9986.0065	   4628.4829	   1490.1619	   9986.0042	   4628.4523	   	   1490.1579
390	   0.0005	   0.0174	   0.0013	   2.1875	   3.3303	   0.2090	   9986.0051	   4636.4767	   1490.1758	   9986.0046	   4636.4593	   	   1490.1745
391	   0.0026	   0.0241	   0.0041	   2.3332	   3.3825	   0.2230	   9986.0038	   4644.4705	   1490.1898	   9986.0012	   4644.4464	   	   1490.1856
392	   0.0019	   0.0228	   0.0016	   2.5431	   3.3952	   0.2200	   9986.0024	   4652.4642	   1490.2037	   9986.0005	   4652.4414	   	   1490.2021
393	   0.0025	   0.0125	   0.0047	   2.6757	   3.4184	   0.2220	   9986.0009	   4660.4580	   1490.2176	   9985.9984	   4660.4456	   	   1490.2129
394	   0.0027	   0.0238	   0.0024	   2.9325	   3.4586	   0.2190	   9985.9990	   4670.4504	   1490.2348	   9985.9964	   4670.4267	   	   1490.2324
395	   0.0009	   0.0231	   0.0005	   3.1772	   3.4609	   0.2190	   9985.9974	   4680.4429	   1490.2519	   9985.9966	   4680.4198	   	   1490.2514
396	   0.0026	   0.0178	   0.0029	   3.3182	   3.4958	   0.2140	   9985.9964	   4688.4370	   1490.2655	   9985.9938	   4688.4192	   	   1490.2626
397	   0.0020	   0.0239	   0.0023	   3.5033	   3.5094	   0.2190	   9985.9955	   4696.4313	   1490.2788	   9985.9935	   4696.4074	   	   1490.2766
398	   0.0033	   0.0171	   0.0017	   3.6735	   3.5365	   0.2120	   9985.9946	   4704.4258	   1490.2918	   9985.9913	   4704.4087	   	   1490.2901
399	   0.0038	   0.0073	   0.0020	   3.8262	   3.5518	   0.2140	   9985.9936	   4712.4204	   1490.3046	   9985.9898	   4712.4131	   	   1490.3025
400	   0.0011	   0.0371	   0.0037	   4.0316	   3.5622	   0.2110	   9985.9923	   4722.4139	   1490.3199	   9985.9912	   4722.3768	   	   1490.3162
401	   0.0031	   0.0187	   0.0017	   4.1921	   3.5928	   0.2100	   9985.9910	   4730.4089	   1490.3315	   9985.9880	   4730.3902	   	   1490.3299
402	   0.0017	   0.0176	   0.0027	   4.3199	   3.5983	   0.2100	   9985.9895	   4738.4043	   1490.3424	   9985.9878	   4738.3866	   	   1490.3397
403	   0.0016	   0.0188	   0.0023	   4.4566	   3.6227	   0.1770	   9985.9877	   4746.3999	   1490.3523	   9985.9862	   4746.3812	   	   1490.3500
404	   0.0007	   0.0244	   0.0030	   4.5734	   3.6428	   0.1770	   9985.9860	   4754.3958	   1490.3614	   9985.9852	   4754.3714	   	   1490.3585
405	   0.0026	   0.0180	   0.0017	   4.6647	   3.6810	   0.1750	   9985.9846	   4760.3930	   1490.3677	   9985.9820	   4760.3749	   	   1490.3659
406	   0.0001	   0.0214	   0.0023	   4.7586	   3.6767	   0.1760	   9985.9828	   4768.3895	   1490.3750	   9985.9828	   4768.3681	   	   1490.3728
407	   0.0033	   0.0202	   0.0012	   4.8547	   3.7444	   0.1720	   9985.9808	   4776.3864	   1490.3814	   9985.9776	   4776.3662	   	   1490.3802
408	   0.0003	   0.0330	   0.0033	   4.9131	   3.7407	   0.1720	   9985.9786	   4784.3837	   1490.3867	   9985.9789	   4784.3507	   	   1490.3834
409	   0.0025	   0.0202	   0.0024	   4.9701	   3.7999	   0.1750	   9985.9761	   4792.3813	   1490.3912	   9985.9736	   4792.3611	   	   1490.3888
410	   0.0014	   0.0167	   0.0010	   5.0208	   3.8110	   0.1870	   9985.9740	   4798.3797	   1490.3940	   9985.9726	   4798.3631	   	   1490.3930
411	   0.0016	   0.0124	   0.0029	   5.0285	   4.1040	   0.2340	   9985.9512	   4856.3758	   1490.3965	   9985.9496	   4856.3635	   	   1490.3936
412	   0.0023	   0.0203	   0.0009	   5.0234	   4.1725	   0.1800	   9985.9470	   4866.3769	   1490.3935	   9985.9447	   4866.3566	   	   1490.3926
413	   0.0053	   0.0041	   0.0004	   4.9721	   4.2326	   0.1700	   9985.9440	   4874.3781	   1490.3904	   9985.9387	   4874.3739	   	   1490.3901
414	   0.0013	   0.0263	   0.0033	   4.9099	   4.2363	   0.1710	   9985.9412	   4882.3796	   1490.3867	   9985.9399	   4882.3533	   	   1490.3834
415	   0.0016	   0.0232	   0.0021	   4.8624	   4.2687	   0.1870	   9985.9386	   4890.3816	   1490.3822	   9985.9370	   4890.3584	   	   1490.3801
416	   0.0044	   0.0096	   0.0009	   4.7953	   4.3229	   0.1740	   9985.9360	   4898.3839	   1490.3771	   9985.9316	   4898.3743	   	   1490.3762
417	   0.0009	   0.0158	   0.0023	   4.7096	   4.3153	   0.1670	   9985.9334	   4906.3864	   1490.3715	   9985.9324	   4906.3706	   	   1490.3691
418	   0.0026	   0.0162	   0.0009	   4.6477	   4.3659	   0.1830	   9985.9309	   4914.3893	   1490.3654	   9985.9283	   4914.3730	   	   1490.3645
419	   0.0028	   0.0130	   0.0025	   4.5366	   4.3924	   0.1710	   9985.9285	   4922.3924	   1490.3587	   9985.9257	   4922.3794	   	   1490.3562
420	   0.0016	   0.0216	   0.0025	   4.4742	   4.4042	   0.1720	   9985.9268	   4928.3950	   1490.3533	   9985.9252	   4928.3735	   	   1490.3508
421	   0.0009	   0.0225	   0.0032	   4.3617	   4.4226	   0.1760	   9985.9244	   4936.3990	   1490.3454	   9985.9235	   4936.3765	   	   1490.3422
422	   0.0024	   0.0129	   0.0017	   4.2592	   4.4561	   0.1680	   9985.9222	   4944.4033	   1490.3368	   9985.9198	   4944.3904	   	   1490.3352
423	   0.0016	   0.0283	   0.0048	   4.1427	   4.4760	   0.1680	   9985.9208	   4950.4069	   1490.3299	   9985.9192	   4950.3786	   	   1490.3251
424	   0.0044	   0.0083	   0.0018	   4.0668	   4.5023	   0.1670	   9985.9197	   4956.4106	   1490.3227	   9985.9152	   4956.4023	   	   1490.3208
425	   0.0028	   0.0146	   0.0033	   3.9539	   4.4943	   0.1700	   9985.9188	   4962.4146	   1490.3150	   9985.9160	   4962.4000	   	   1490.3117
426	   0.0022	   0.0218	   0.0030	   3.8565	   4.4970	   0.1810	   9985.9182	   4968.4187	   1490.3068	   9985.9161	   4968.3969	   	   1490.3038
427	   0.0010	   0.0303	   0.0046	   3.6929	   4.4945	   0.1940	   9985.9175	   4976.4246	   1490.2954	   9985.9165	   4976.3943	   	   1490.2907
428	   0.0009	   0.0336	   0.0038	   3.5881	   4.4994	   0.1700	   9985.9169	   4982.4292	   1490.2863	   9985.9160	   4982.3957	   	   1490.2825
429	   0.0020	   0.0138	   0.0036	   3.4125	   4.4983	   0.1720	   9985.9160	   4990.4356	   1490.2738	   9985.9140	   4990.4218	   	   1490.2702
430	   0.0040	   0.0038	   0.0013	   3.1701	   4.5114	   0.3010	   9985.9148	   5002.4456	   1490.2538	   9985.9108	   5002.4494	   	   1490.2525
431	   0.0018	   0.0243	   0.0041	   3.0166	   4.5117	   0.1730	   9985.9143	   5008.4509	   1490.2431	   9985.9126	   5008.4265	   	   1490.2391
432	   0.0010	   0.0430	   0.0027	   2.8549	   4.5187	   0.1680	   9985.9139	   5016.4582	   1490.2283	   9985.9129	   5016.4153	   	   1490.2257
433	   0.0035	   0.0265	   0.0031	   2.6405	   4.5272	   0.1680	   9985.9138	   5024.4659	   1490.2129	   9985.9103	   5024.4394	   	   1490.2098
434	   0.0023	   0.0123	   0.0011	   2.4537	   4.4881	   0.1780	   9985.9140	   5032.4738	   1490.1970	   9985.9117	   5032.4615	   	   1490.1959
435	   0.0029	   0.0178	   0.0013	   2.1888	   4.4892	   0.1710	   9985.9142	   5042.4841	   1490.1762	   9985.9112	   5042.4663	   	   1490.1749
436	   0.0024	   0.0011	   0.0015	   2.0168	   4.4619	   0.1700	   9985.9141	   5048.4905	   1490.1634	   9985.9116	   5048.4893	   	   1490.1620
437	   0.0026	   0.0084	   0.0015	   1.7990	   4.4688	   0.1800	   9985.9136	   5056.4992	   1490.1460	   9985.9110	   5056.4908	   	   1490.1445
438	   0.0047	   0.0076	   0.0025	   1.5634	   4.4936	   0.1720	   9985.9129	   5064.5081	   1490.1283	   9985.9082	   5064.5005	   	   1490.1258
439	   0.0006	   0.0395	   0.0019	   1.4111	   4.4595	   0.1680	   9985.9123	   5070.5149	   1490.1148	   9985.9129	   5070.4754	   	   1490.1130
440	   0.0021	   0.0196	   0.0047	   1.1416	   4.4752	   0.1700	   9985.9115	   5078.5240	   1490.0966	   9985.9094	   5078.5045	   	   1490.0920
441	   0.0019	   0.0244	   0.0034	   0.9286	   4.4765	   0.1700	   9985.9108	   5086.5334	   1490.0783	   9985.9089	   5086.5089	   	   1490.0749
442	   0.0039	   0.0080	   0.0050	   0.7335	   4.4854	   0.1790	   9985.9102	   5092.5404	   1490.0645	   9985.9064	   5092.5324	   	   1490.0594
443	   0.0013	   0.0342	   0.0001	   0.5697	   4.4790	   0.1710	   9985.9095	   5100.5498	   1490.0461	   9985.9082	   5100.5156	   	   1490.0460
444	   0.0037	   0.0185	   0.0042	   0.2893	   4.4931	   0.1740	   9985.9087	   5108.5592	   1490.0276	   9985.9051	   5108.5406	   	   1490.0235
445	   0.0009	   0.0358	   0.0011	   0.1014	   4.4525	   0.1710	   9985.9081	   5116.5685	   1490.0093	   9985.9090	   5116.5327	   	   1490.0082
446	   0.0006	   0.0235	   0.0017	   -0.1307	   4.4566	   0.1720	   9985.9076	   5124.5777	   1489.9911	   9985.9070	   5124.5542	   	   1489.9894
447	   0.0019	   0.0182	   0.0016	   -0.3478	   4.4644	   0.1730	   9985.9071	   5132.5867	   1489.9732	   9985.9053	   5132.5685	   	   1489.9716
448	   0.0009	   0.0325	   0.0018	   -0.5676	   4.4612	   0.1740	   9985.9069	   5140.5955	   1489.9556	   9985.9059	   5140.5630	   	   1489.9537
449	   0.0019	   0.0221	   0.0021	   -0.7805	   4.4557	   0.1870	   9985.9068	   5148.6041	   1489.9381	   9985.9049	   5148.5820	   	   1489.9361
450	   0.0004	   0.0250	   0.0043	   -1.0671	   4.4278	   0.1850	   9985.9070	   5158.6146	   1489.9167	   9985.9066	   5158.5896	   	   1489.9125
451	   0.0028	   0.0213	   0.0037	   -1.2613	   4.4439	   0.1680	   9985.9072	   5166.6227	   1489.9000	   9985.9044	   5166.6015	   	   1489.8963
452	   0.0034	   0.0183	   0.0003	   -1.3657	   4.4397	   0.1760	   9985.9074	   5172.6287	   1489.8878	   9985.9040	   5172.6104	   	   1489.8875
