1	   0.0081	   0.1106	   0.0086	   0.2290	   -0.9056	   0.2230	   9986.5080	   764.5119	   1490.0666	   9986.4999	   764.4014	   	   1490.0580
2	   0.0076	   0.0722	   0.0100	   0.2234	   -0.8951	   0.1760	   9986.5055	   774.5120	   1490.0667	   9986.4979	   774.4398	   	   1490.0567
3	   0.0074	   0.0422	   0.0077	   0.2341	   -0.8870	   0.1740	   9986.5037	   780.5118	   1490.0672	   9986.4963	   780.4696	   	   1490.0596
4	   0.0089	   0.0234	   0.0028	   0.2571	   -0.8692	   0.1740	   9986.5009	   788.5114	   1490.0683	   9986.4920	   788.4879	   	   1490.0655
5	   0.0048	   0.0621	   0.0023	   0.2657	   -0.8750	   0.1750	   9986.4977	   796.5108	   1490.0698	   9986.4929	   796.4487	   	   1490.0675
6	   0.0012	   0.0390	   0.0080	   0.2496	   -0.8743	   0.1800	   9986.4942	   804.5101	   1490.0716	   9986.4930	   804.4711	   	   1490.0635
7	   0.0116	   0.0049	   0.0088	   0.2541	   -0.8175	   0.1750	   9986.4906	   812.5094	   1490.0736	   9986.4791	   812.5045	   	   1490.0648
8	   0.0129	   0.0543	   0.0151	   0.2397	   -0.8004	   0.1730	   9986.4869	   820.5085	   1490.0760	   9986.4740	   820.4542	   	   1490.0609
9	   0.0067	   0.0425	   0.0178	   0.2364	   -0.8131	   0.1760	   9986.4841	   826.5078	   1490.0779	   9986.4774	   826.4653	   	   1490.0601
10	   0.0073	   0.0102	   0.0111	   0.2705	   -0.7968	   0.1810	   9986.4810	   832.5070	   1490.0801	   9986.4737	   832.4968	   	   1490.0690
11	   0.0071	   0.0623	   0.0083	   0.2918	   -0.7877	   0.1680	   9986.4777	   838.5061	   1490.0824	   9986.4706	   838.4438	   	   1490.0741
12	   0.0122	   0.0043	   0.0066	   0.3078	   -0.7508	   0.1700	   9986.4742	   844.5051	   1490.0851	   9986.4620	   844.5007	   	   1490.0785
13	   0.0109	   0.1319	   0.0095	   0.3105	   -0.7478	   0.1780	   9986.4705	   850.5039	   1490.0880	   9986.4596	   850.3720	   	   1490.0785
14	   0.0023	   0.0235	   0.0150	   0.2994	   -0.7613	   0.1670	   9986.4667	   856.5025	   1490.0912	   9986.4644	   856.4791	   	   1490.0762
15	   0.0082	   0.0709	   0.0102	   0.3327	   -0.7250	   0.1680	   9986.4627	   862.5010	   1490.0947	   9986.4545	   862.4301	   	   1490.0844
16	   0.0098	   0.0423	   0.0059	   0.3636	   -0.7017	   0.1680	   9986.4588	   868.4994	   1490.0984	   9986.4490	   868.4570	   	   1490.0925
17	   0.0075	   0.0908	   0.0085	   0.3704	   -0.6975	   0.1680	   9986.4547	   874.4976	   1490.1023	   9986.4473	   874.4068	   	   1490.0938
18	   0.0041	   0.0580	   0.0131	   0.3676	   -0.6930	   0.1640	   9986.4506	   880.4957	   1490.1065	   9986.4465	   880.4377	   	   1490.0933
19	   0.0088	   0.0734	   0.0093	   0.4004	   -0.6584	   0.1660	   9986.4463	   886.4936	   1490.1108	   9986.4375	   886.4202	   	   1490.1015
20	   0.0128	   0.0667	   0.0039	   0.4392	   -0.6250	   0.1650	   9986.4419	   892.4915	   1490.1153	   9986.4291	   892.4248	   	   1490.1114
21	   0.0018	   0.0611	   0.0156	   0.4119	   -0.6505	   0.1680	   9986.4374	   898.4893	   1490.1201	   9986.4356	   898.4281	   	   1490.1045
22	   0.0075	   0.1127	   0.0089	   0.4593	   -0.6125	   0.1680	   9986.4329	   904.4869	   1490.1250	   9986.4254	   904.3742	   	   1490.1161
23	   0.0140	   0.0294	   0.0048	   0.4936	   -0.5652	   0.1660	   9986.4282	   910.4844	   1490.1302	   9986.4142	   910.4550	   	   1490.1255
24	   0.0038	   0.0025	   0.0166	   0.4678	   -0.5855	   0.1680	   9986.4234	   916.4818	   1490.1357	   9986.4196	   916.4792	   	   1490.1191
25	   0.0070	   0.0575	   0.0089	   0.5229	   -0.5560	   0.1680	   9986.4185	   922.4790	   1490.1415	   9986.4116	   922.4215	   	   1490.1326
26	   0.0162	   0.0586	   0.0112	   0.5368	   -0.5000	   0.1680	   9986.4135	   928.4762	   1490.1473	   9986.3973	   928.4176	   	   1490.1361
27	   0.0069	   0.0516	   0.0122	   0.5560	   -0.5162	   0.1680	   9986.4084	   934.4734	   1490.1532	   9986.4015	   934.4218	   	   1490.1410
28	   0.0080	   0.0447	   0.0090	   0.5923	   -0.4911	   0.1680	   9986.4032	   940.4705	   1490.1593	   9986.3951	   940.4258	   	   1490.1503
29	   0.0100	   0.0238	   0.0165	   0.5871	   -0.4619	   0.1800	   9986.3979	   946.4675	   1490.1656	   9986.3879	   946.4436	   	   1490.1491
30	   0.0041	   0.0848	   0.0047	   0.6624	   -0.4663	   0.1680	   9986.3926	   952.4643	   1490.1722	   9986.3885	   952.3795	   	   1490.1675
31	   0.0133	   0.0778	   0.0101	   0.6677	   -0.4086	   0.1690	   9986.3872	   958.4610	   1490.1790	   9986.3739	   958.3831	   	   1490.1689
32	   0.0093	   0.0621	   0.0015	   0.7286	   -0.4022	   0.1740	   9986.3817	   964.4576	   1490.1860	   9986.3724	   964.3955	   	   1490.1845
33	   0.0020	   0.0726	   0.0127	   0.7133	   -0.4095	   0.1780	   9986.3761	   970.4541	   1490.1931	   9986.3741	   970.3815	   	   1490.1804
34	   0.0096	   0.0475	   0.0069	   0.7640	   -0.3564	   0.1680	   9986.3705	   976.4505	   1490.2004	   9986.3608	   976.4030	   	   1490.1935
35	   0.0032	   0.0330	   0.0150	   0.7577	   -0.3573	   0.1670	   9986.3647	   982.4468	   1490.2079	   9986.3615	   982.4799	   	   1490.1929
36	   0.0075	   0.1041	   0.0087	   0.8211	   -0.3201	   0.1690	   9986.3588	   988.4430	   1490.2158	   9986.3513	   988.3389	   	   1490.2071
37	   0.0098	   0.0315	   0.0169	   0.8166	   -0.2860	   0.1700	   9986.3528	   994.4390	   1490.2239	   9986.3430	   994.4075	   	   1490.2069
38	   0.0017	   0.0418	   0.0073	   0.8883	   -0.2947	   0.1650	   9986.3468	   1000.4348	   1490.2322	   9986.3451	   1000.3931	   	   1490.2249
39	   0.0092	   0.1124	   0.0133	   0.9036	   -0.2430	   0.1780	   9986.3409	   1006.4306	   1490.2408	   9986.3317	   1006.3181	   	   1490.2276
40	   0.0027	   0.1079	   0.0083	   0.9443	   -0.2412	   0.1680	   9986.3349	   1012.4262	   1490.2497	   9986.3322	   1012.5340	   	   1490.2414
41	   0.0069	   0.0723	   0.0092	   0.9896	   -0.2040	   0.1800	   9986.3289	   1018.4216	   1490.2590	   9986.3220	   1018.3493	   	   1490.2498
42	   0.0081	   0.1310	   0.0159	   1.0054	   -0.1756	   0.1680	   9986.3227	   1024.4168	   1490.2686	   9986.3147	   1024.2858	   	   1490.2526
43	   0.0039	   0.1170	   0.0129	   1.0563	   -0.1670	   0.1650	   9986.3164	   1030.4120	   1490.2785	   9986.3125	   1030.2950	   	   1490.2656
44	   0.0107	   0.0550	   0.0055	   1.1218	   -0.1140	   0.1640	   9986.3100	   1036.4070	   1490.2887	   9986.2993	   1036.3521	   	   1490.2832
45	   0.0062	   0.1233	   0.0112	   1.1466	   -0.1066	   0.1670	   9986.3036	   1042.4020	   1490.2992	   9986.2973	   1042.2787	   	   1490.2880
46	   0.0113	   0.0461	   0.0128	   1.1776	   -0.0609	   0.1680	   9986.2972	   1048.3969	   1490.3100	   9986.2859	   1048.3508	   	   1490.2972
47	   0.0040	   0.1600	   0.0049	   1.2360	   -0.0640	   0.1670	   9986.2909	   1054.3917	   1490.3212	   9986.2869	   1054.5516	   	   1490.3163
48	   0.0074	   0.1003	   0.0094	   1.2871	   -0.0270	   0.1680	   9986.2847	   1060.3863	   1490.3329	   9986.2773	   1060.2860	   	   1490.3235
49	   0.0088	   0.1068	   0.0062	   1.3486	   0.0030	   0.1710	   9986.2786	   1066.3808	   1490.3448	   9986.2698	   1066.2740	   	   1490.3386
50	   0.0060	   0.0616	   0.0090	   1.3826	   0.0161	   0.1690	   9986.2725	   1072.3753	   1490.3571	   9986.2665	   1072.3137	   	   1490.3481
51	   0.0105	   0.0962	   0.0132	   1.4201	   0.0579	   0.1680	   9986.2665	   1078.3696	   1490.3697	   9986.2560	   1078.2734	   	   1490.3566
52	   0.0060	   0.0027	   0.0120	   1.4668	   0.0635	   0.1680	   9986.2605	   1084.3639	   1490.3827	   9986.2545	   1084.3666	   	   1490.3707
53	   0.0088	   0.0993	   0.0126	   1.5282	   0.0993	   0.1680	   9986.2545	   1090.3581	   1490.3959	   9986.2456	   1090.2588	   	   1490.3833
54	   0.0082	   0.1647	   0.0055	   1.5822	   0.1190	   0.1670	   9986.2484	   1096.3521	   1490.4095	   9986.2402	   1096.5169	   	   1490.4040
55	   0.0073	   0.1606	   0.0147	   1.6370	   0.1424	   0.1690	   9986.2423	   1102.3461	   1490.4232	   9986.2350	   1102.1855	   	   1490.4085
56	   0.0080	   0.0955	   0.0053	   1.7004	   0.1664	   0.1670	   9986.2363	   1108.3400	   1490.4371	   9986.2283	   1108.4355	   	   1490.4318
57	   0.0074	   0.0241	   0.0079	   1.7544	   0.1881	   0.1660	   9986.2305	   1114.3339	   1490.4511	   9986.2230	   1114.3580	   	   1490.4431
58	   0.0083	   0.0549	   0.0095	   1.8141	   0.2153	   0.1650	   9986.2248	   1120.3277	   1490.4650	   9986.2165	   1120.2729	   	   1490.4555
59	   0.0088	   0.1135	   0.0036	   1.8757	   0.2363	   0.1690	   9986.2194	   1126.3216	   1490.4789	   9986.2107	   1126.4352	   	   1490.4753
60	   0.0082	   0.0419	   0.0083	   1.9457	   0.2592	   0.1680	   9986.2142	   1132.3155	   1490.4928	   9986.2060	   1132.2737	   	   1490.4846
61	   0.0096	   0.0377	   0.0073	   2.0076	   0.2852	   0.1670	   9986.2092	   1138.3094	   1490.5067	   9986.1996	   1138.3471	   	   1490.4994
62	   0.0054	   0.0286	   0.0067	   2.0897	   0.2913	   0.1640	   9986.2043	   1144.3034	   1490.5206	   9986.1989	   1144.2748	   	   1490.5139
63	   0.0066	   0.0979	   0.0129	   2.1454	   0.3191	   0.1700	   9986.1996	   1150.2974	   1490.5344	   9986.1930	   1150.1995	   	   1490.5215
64	   0.0057	   0.0935	   0.0028	   2.2280	   0.3325	   0.1700	   9986.1949	   1156.2915	   1490.5481	   9986.1892	   1156.3850	   	   1490.5453
65	   0.0098	   0.0196	   0.0077	   2.2976	   0.3741	   0.1650	   9986.1902	   1162.2856	   1490.5616	   9986.1804	   1162.2661	   	   1490.5539
66	   0.0076	   0.0974	   0.0030	   2.3689	   0.3838	   0.1760	   9986.1855	   1168.2799	   1490.5750	   9986.1779	   1168.3773	   	   1490.5720
67	   0.0063	   0.0851	   0.0099	   2.4436	   0.4058	   0.1440	   9986.1809	   1174.2743	   1490.5881	   9986.1746	   1174.1893	   	   1490.5782
68	   0.0071	   0.0062	   0.0150	   2.4776	   0.4291	   0.1700	   9986.1762	   1180.2688	   1490.6010	   9986.1691	   1180.2750	   	   1490.5861
69	   0.0051	   0.0864	   0.0042	   2.5792	   0.4409	   0.1820	   9986.1716	   1186.2635	   1490.6137	   9986.1664	   1186.3499	   	   1490.6095
70	   0.0086	   0.0513	   0.0108	   2.6493	   0.4835	   0.1690	   9986.1669	   1192.2583	   1490.6261	   9986.1583	   1192.2070	   	   1490.6153
71	   0.0055	   0.0889	   0.0105	   2.7299	   0.4947	   0.1740	   9986.1624	   1198.2533	   1490.6382	   9986.1569	   1198.1644	   	   1490.6277
72	   0.0056	   0.0437	   0.0093	   2.7968	   0.5164	   0.1700	   9986.1580	   1204.2485	   1490.6500	   9986.1523	   1204.2048	   	   1490.6407
73	   0.0087	   0.0449	   0.0025	   2.8774	   0.5494	   0.1690	   9986.1536	   1210.2438	   1490.6614	   9986.1448	   1210.2887	   	   1490.6589
74	   0.0085	   0.0322	   0.0091	   2.9349	   0.5748	   0.1670	   9986.1492	   1216.2393	   1490.6724	   9986.1407	   1216.2071	   	   1490.6633
75	   0.0068	   0.0131	   0.0082	   3.0034	   0.5901	   0.1680	   9986.1449	   1222.2350	   1490.6830	   9986.1381	   1222.2219	   	   1490.6748
76	   0.0061	   0.0487	   0.0085	   3.0781	   0.6128	   0.1690	   9986.1405	   1228.2309	   1490.6932	   9986.1343	   1228.1822	   	   1490.6847
77	   0.0098	   0.0011	   0.0033	   3.1571	   0.6521	   0.1670	   9986.1360	   1234.2270	   1490.7030	   9986.1262	   1234.2259	   	   1490.6997
78	   0.0078	   0.1274	   0.0012	   3.2107	   0.6613	   0.1680	   9986.1315	   1240.2232	   1490.7124	   9986.1237	   1240.3506	   	   1490.7136
79	   0.0078	   0.0049	   0.0036	   3.2881	   0.6939	   0.1710	   9986.1270	   1246.2197	   1490.7214	   9986.1192	   1246.2148	   	   1490.7178
80	   0.0026	   0.1278	   0.0193	   3.3124	   0.7033	   0.1690	   9986.1224	   1252.2163	   1490.7300	   9986.1198	   1252.0885	   	   1490.7106
81	   0.0087	   0.1556	   0.0038	   3.4046	   0.7412	   0.1690	   9986.1179	   1258.2132	   1490.7380	   9986.1092	   1258.3688	   	   1490.7418
82	   0.0125	   0.1032	   0.0004	   3.4605	   0.7882	   0.1680	   9986.1135	   1264.2103	   1490.7456	   9986.1010	   1264.3135	   	   1490.7452
83	   0.0037	   0.0141	   0.0047	   3.5256	   0.7788	   0.1710	   9986.1092	   1270.2076	   1490.7528	   9986.1055	   1270.2216	   	   1490.7481
84	   0.0106	   0.0480	   0.0039	   3.6064	   0.8411	   0.1680	   9986.1051	   1276.2050	   1490.7594	   9986.0946	   1276.1570	   	   1490.7555
85	   0.0047	   0.0080	   0.0054	   3.6392	   0.8336	   0.1700	   9986.1013	   1282.2027	   1490.7655	   9986.0966	   1282.2107	   	   1490.7601
86	   0.0081	   0.0096	   0.0077	   3.6888	   0.8750	   0.1700	   9986.0978	   1288.2006	   1490.7711	   9986.0897	   1288.1910	   	   1490.7634
87	   0.0063	   0.0868	   0.0127	   3.7421	   0.8953	   0.1670	   9986.0945	   1294.1988	   1490.7761	   9986.0881	   1294.1119	   	   1490.7634
88	   0.0085	   0.0568	   0.0114	   3.7902	   0.9257	   0.1660	   9986.0914	   1300.1972	   1490.7806	   9986.0829	   1300.1404	   	   1490.7692
89	   0.0019	   0.0305	   0.0092	   3.8413	   0.9120	   0.1680	   9986.0886	   1306.1958	   1490.7844	   9986.0867	   1306.1653	   	   1490.7752
90	   0.0035	   0.0912	   0.0093	   3.9088	   0.9444	   0.1660	   9986.0862	   1312.1947	   1490.7877	   9986.0827	   1312.1034	   	   1490.7785
91	   0.0073	   0.0716	   0.0018	   3.9349	   0.9675	   0.1770	   9986.0842	   1318.1938	   1490.7904	   9986.0769	   1318.2653	   	   1490.7886
92	   0.0099	   0.0239	   0.0074	   3.9820	   1.0047	   0.1700	   9986.0827	   1324.1931	   1490.7925	   9986.0727	   1324.1692	   	   1490.7852
93	   0.0024	   0.0158	   0.0035	   4.0378	   0.9795	   0.1680	   9986.0815	   1330.1927	   1490.7939	   9986.0791	   1330.1769	   	   1490.7904
94	   0.0067	   0.0044	   0.0050	   4.0620	   1.0129	   0.1680	   9986.0807	   1336.1925	   1490.7945	   9986.0740	   1336.1880	   	   1490.7895
95	   0.0032	   0.0250	   0.0058	   4.0984	   1.0064	   0.1690	   9986.0803	   1342.1925	   1490.7945	   9986.0772	   1342.1675	   	   1490.7887
96	   0.0020	   0.1053	   0.0128	   4.1218	   1.0158	   0.1710	   9986.0803	   1348.1928	   1490.7938	   9986.0784	   1348.0875	   	   1490.7810
97	   0.0018	   0.0866	   0.0112	   4.1504	   1.0195	   0.1780	   9986.0808	   1354.1932	   1490.7925	   9986.0789	   1354.1066	   	   1490.7813
98	   0.0069	   0.0271	   0.0014	   4.1833	   1.0397	   0.1650	   9986.0816	   1360.1938	   1490.7907	   9986.0747	   1360.2209	   	   1490.7893
99	   0.0084	   0.0527	   0.0076	   4.2041	   1.0588	   0.1680	   9986.0827	   1366.1946	   1490.7883	   9986.0742	   1366.1419	   	   1490.7808
100	   0.0061	   0.0070	   0.0017	   4.2370	   1.0438	   0.1710	   9986.0839	   1372.1955	   1490.7854	   9986.0778	   1372.1885	   	   1490.7837
101	   0.0094	   0.0116	   0.0040	   4.2342	   1.0608	   0.1700	   9986.0854	   1378.1967	   1490.7820	   9986.0760	   1378.2083	   	   1490.7780
102	   0.0019	   0.0084	   0.0059	   4.2458	   1.0211	   0.1790	   9986.0871	   1384.1981	   1490.7779	   9986.0852	   1384.1896	   	   1490.7721
103	   0.0053	   0.0290	   0.0062	   4.2631	   1.0402	   0.1690	   9986.0890	   1390.1996	   1490.7733	   9986.0837	   1390.1707	   	   1490.7671
104	   0.0055	   0.0321	   0.0069	   4.2681	   1.0386	   0.1760	   9986.0911	   1396.2015	   1490.7681	   9986.0856	   1396.1694	   	   1490.7612
105	   0.0074	   0.0141	   0.0090	   4.2525	   1.0432	   0.1690	   9986.0935	   1402.2036	   1490.7622	   9986.0861	   1402.1896	   	   1490.7532
106	   0.0029	   0.0732	   0.0084	   4.2813	   1.0174	   0.1690	   9986.0961	   1408.2060	   1490.7557	   9986.0932	   1408.1328	   	   1490.7473
107	   0.0054	   0.0250	   0.0008	   4.2800	   1.0154	   0.1680	   9986.0988	   1414.2087	   1490.7487	   9986.0934	   1414.2336	   	   1490.7479
108	   0.0024	   0.1212	   0.0159	   4.2500	   1.0050	   0.1710	   9986.1017	   1420.2115	   1490.7412	   9986.0993	   1420.0903	   	   1490.7253
109	   0.0066	   0.0129	   0.0065	   4.2488	   1.0103	   0.1690	   9986.1047	   1426.2146	   1490.7332	   9986.0980	   1426.2016	   	   1490.7267
110	   0.0051	   0.0486	   0.0092	   4.2367	   0.9959	   0.1720	   9986.1077	   1432.2178	   1490.7248	   9986.1026	   1432.1692	   	   1490.7155
111	   0.0013	   0.0007	   0.0027	   4.2393	   0.9593	   0.1680	   9986.1108	   1438.2213	   1490.7159	   9986.1094	   1438.2206	   	   1490.7131
112	   0.0051	   0.0441	   0.0003	   4.2199	   0.9675	   0.1660	   9986.1139	   1444.2250	   1490.7065	   9986.1088	   1444.2692	   	   1490.7068
113	   0.0043	   0.0006	   0.0028	   4.1995	   0.9557	   0.1680	   9986.1172	   1450.2289	   1490.6967	   9986.1129	   1450.2296	   	   1490.6938
114	   0.0065	   0.0172	   0.0047	   4.1720	   0.9594	   0.1690	   9986.1206	   1456.2331	   1490.6864	   9986.1140	   1456.2159	   	   1490.6817
115	   0.0027	   0.0518	   0.0086	   4.1360	   0.9256	   0.1720	   9986.1242	   1462.2375	   1490.6757	   9986.1215	   1462.1857	   	   1490.6671
116	   0.0031	   0.0734	   0.0110	   4.0994	   0.9147	   0.1860	   9986.1280	   1468.2421	   1490.6646	   9986.1249	   1468.1687	   	   1490.6535
117	   0.0048	   0.0952	   0.0128	   4.0630	   0.9114	   0.1690	   9986.1320	   1474.2470	   1490.6529	   9986.1272	   1474.1517	   	   1490.6401
118	   0.0042	   0.0057	   0.0046	   4.0365	   0.8803	   0.1720	   9986.1362	   1480.2520	   1490.6409	   9986.1320	   1480.2463	   	   1490.6363
119	   0.0065	   0.0568	   0.0068	   4.0043	   0.8813	   0.1860	   9986.1404	   1486.2573	   1490.6285	   9986.1339	   1486.2006	   	   1490.6217
120	   0.0047	   0.1120	   0.0099	   3.9656	   0.8551	   0.1810	   9986.1448	   1492.2628	   1490.6159	   9986.1401	   1492.1507	   	   1490.6059
121	   0.0046	   0.0806	   0.0068	   3.9256	   0.8307	   0.1660	   9986.1492	   1498.2684	   1490.6029	   9986.1446	   1498.1877	   	   1490.5962
122	   0.0040	   0.0235	   0.0040	   3.8692	   0.7998	   0.1710	   9986.1536	   1504.2742	   1490.5897	   9986.1496	   1504.2507	   	   1490.5857
123	   0.0012	   0.1076	   0.0151	   3.7799	   0.7499	   0.1740	   9986.1582	   1510.2802	   1490.5762	   9986.1594	   1510.1726	   	   1490.5611
124	   0.0016	   0.1107	   0.0104	   3.7566	   0.7452	   0.1690	   9986.1628	   1516.2864	   1490.5623	   9986.1612	   1516.1757	   	   1490.5519
125	   0.0043	   0.0850	   0.0096	   3.6923	   0.7359	   0.1690	   9986.1676	   1522.2928	   1490.5483	   9986.1633	   1522.2077	   	   1490.5387
126	   0.0041	   0.0521	   0.0067	   3.6368	   0.7066	   0.1680	   9986.1723	   1528.2993	   1490.5341	   9986.1682	   1528.2472	   	   1490.5274
127	   0.0019	   0.0162	   0.0037	   3.5654	   0.6607	   0.1720	   9986.1770	   1534.3059	   1490.5197	   9986.1750	   1534.3221	   	   1490.5160
128	   0.0024	   0.0008	   0.0007	   3.5283	   0.6396	   0.1790	   9986.1816	   1540.3127	   1490.5052	   9986.1792	   1540.3118	   	   1490.5045
129	   0.0007	   0.0169	   0.0080	   3.4023	   0.6003	   0.1760	   9986.1862	   1546.3196	   1490.4905	   9986.1855	   1546.3365	   	   1490.4825
130	   0.0020	   0.0058	   0.0038	   3.3658	   0.5836	   0.1650	   9986.1908	   1552.3267	   1490.4757	   9986.1888	   1552.3325	   	   1490.4718
131	   0.0036	   0.0781	   0.0096	   3.2863	   0.5742	   0.1740	   9986.1954	   1558.3338	   1490.4607	   9986.1918	   1558.2558	   	   1490.4511
132	   0.0013	   0.0043	   0.0038	   3.2226	   0.5241	   0.1710	   9986.2000	   1564.3411	   1490.4456	   9986.1988	   1564.3368	   	   1490.4418
133	   0.0055	   0.0182	   0.0056	   3.1374	   0.5276	   0.1690	   9986.2047	   1570.3485	   1490.4304	   9986.1992	   1570.3303	   	   1490.4248
134	   0.0053	   0.0383	   0.0016	   3.0951	   0.4982	   0.1680	   9986.2094	   1576.3559	   1490.4151	   9986.2040	   1576.3176	   	   1490.4135
135	   0.0053	   0.0265	   0.0054	   2.9781	   0.4680	   0.1690	   9986.2139	   1582.3634	   1490.3996	   9986.2086	   1582.3369	   	   1490.3942
136	   0.0053	   0.0022	   0.0051	   2.8830	   0.4373	   0.1690	   9986.2184	   1588.3710	   1490.3840	   9986.2131	   1588.3732	   	   1490.3789
137	   0.0024	   0.0751	   0.0114	   2.7746	   0.3897	   0.1680	   9986.2228	   1594.3786	   1490.3683	   9986.2205	   1594.3035	   	   1490.3569
138	   0.0011	   0.1489	   0.0136	   2.6910	   0.3531	   0.1720	   9986.2272	   1600.3863	   1490.3524	   9986.2261	   1600.2373	   	   1490.3388
139	   0.0034	   0.0543	   0.0073	   2.6095	   0.3356	   0.1690	   9986.2316	   1606.3939	   1490.3364	   9986.2282	   1606.3397	   	   1490.3290
140	   0.0034	   0.0635	   0.0059	   2.5238	   0.3052	   0.1690	   9986.2360	   1612.4017	   1490.3201	   9986.2326	   1612.3383	   	   1490.3142
141	   0.0034	   0.0808	   0.0042	   2.4395	   0.2751	   0.1680	   9986.2402	   1618.4096	   1490.3037	   9986.2368	   1618.3288	   	   1490.2995
142	   0.0047	   0.0007	   0.0021	   2.3218	   0.2530	   0.1690	   9986.2442	   1624.4175	   1490.2870	   9986.2395	   1624.4182	   	   1490.2850
143	   0.0043	   0.0309	   0.0054	   2.1934	   0.2230	   0.1680	   9986.2480	   1630.4255	   1490.2702	   9986.2436	   1630.3945	   	   1490.2648
144	   0.0011	   0.0160	   0.0045	   2.0803	   0.1682	   0.1680	   9986.2516	   1636.4335	   1490.2533	   9986.2504	   1636.4175	   	   1490.2487
145	   0.0009	   0.0487	   0.0093	   1.9304	   0.1386	   0.1680	   9986.2551	   1642.4416	   1490.2363	   9986.2542	   1642.3929	   	   1490.2269
146	   0.0034	   0.0523	   0.0059	   1.8381	   0.1322	   0.1690	   9986.2586	   1648.4496	   1490.2192	   9986.2552	   1648.3973	   	   1490.2133
147	   0.0033	   0.0334	   0.0024	   1.7379	   0.1016	   0.1680	   9986.2621	   1654.4577	   1490.2022	   9986.2589	   1654.4243	   	   1490.1998
148	   0.0042	   0.0483	   0.0053	   1.5882	   0.0819	   0.1660	   9986.2655	   1660.4657	   1490.1852	   9986.2613	   1660.4175	   	   1490.1799
149	   0.0037	   0.0250	   0.0063	   1.4422	   0.0501	   0.1690	   9986.2687	   1666.4738	   1490.1682	   9986.2649	   1666.4488	   	   1490.1619
150	   0.0017	   0.0134	   0.0042	   1.3251	   0.0060	   0.1680	   9986.2716	   1672.4818	   1490.1513	   9986.2699	   1672.4684	   	   1490.1471
151	   0.0038	   0.0293	   0.0045	   1.1902	   -0.0002	   0.1700	   9986.2744	   1678.4897	   1490.1346	   9986.2706	   1678.4604	   	   1490.1301
152	   0.0038	   0.0441	   0.0049	   1.0520	   -0.0243	   0.1680	   9986.2770	   1684.4975	   1490.1181	   9986.2732	   1684.4534	   	   1490.1132
153	   0.0022	   0.0100	   0.0031	   0.9256	   -0.0636	   0.1700	   9986.2796	   1690.5052	   1490.1019	   9986.2773	   1690.4951	   	   1490.0988
154	   0.0025	   0.0418	   0.0022	   0.7986	   -0.0860	   0.1720	   9986.2820	   1696.5127	   1490.0859	   9986.2795	   1696.4709	   	   1490.0837
155	   0.0044	   0.0010	   0.0031	   0.6442	   -0.0910	   0.1690	   9986.2844	   1702.5201	   1490.0701	   9986.2800	   1702.5191	   	   1490.0670
156	   0.0014	   0.0017	   0.0057	   0.4777	   -0.1434	   0.1700	   9986.2867	   1708.5273	   1490.0547	   9986.2852	   1708.5256	   	   1490.0490
157	   0.0047	   0.0262	   0.0027	   0.3674	   -0.1357	   0.1660	   9986.2889	   1714.5344	   1490.0397	   9986.2842	   1714.5082	   	   1490.0370
158	   0.0027	   0.0223	   0.0046	   0.2069	   -0.1797	   0.1680	   9986.2911	   1720.5413	   1490.0251	   9986.2884	   1720.5190	   	   1490.0205
159	   0.0013	   0.0129	   0.0047	   0.0642	   -0.2187	   0.1670	   9986.2932	   1726.5479	   1490.0110	   9986.2920	   1726.5350	   	   1490.0063
160	   0.0016	   0.0379	   0.0041	   -0.0702	   -0.2418	   0.1750	   9986.2954	   1732.5543	   1489.9974	   9986.2938	   1732.5164	   	   1489.9933
161	   0.0026	   0.0196	   0.0031	   -0.1983	   -0.2561	   0.1680	   9986.2975	   1738.5604	   1489.9843	   9986.2949	   1738.5408	   	   1489.9812
162	   0.0035	   0.0217	   0.0034	   -0.3398	   -0.2719	   0.1670	   9986.2994	   1744.5663	   1489.9717	   9986.2959	   1744.5446	   	   1489.9682
163	   0.0035	   0.0044	   0.0033	   -0.4728	   -0.2958	   0.1670	   9986.3013	   1750.5720	   1489.9596	   9986.2979	   1750.5764	   	   1489.9563
164	   0.0014	   0.0198	   0.0024	   -0.6002	   -0.3447	   0.1680	   9986.3032	   1756.5774	   1489.9481	   9986.3017	   1756.5575	   	   1489.9457
165	   0.0002	   0.0109	   0.0025	   -0.7340	   -0.3830	   0.1680	   9986.3049	   1762.5825	   1489.9370	   9986.3047	   1762.5716	   	   1489.9345
166	   0.0035	   0.0038	   0.0054	   -0.8981	   -0.3714	   0.1690	   9986.3067	   1768.5874	   1489.9265	   9986.3032	   1768.5836	   	   1489.9211
167	   0.0004	   0.0135	   0.0024	   -0.9952	   -0.4362	   0.1790	   9986.3085	   1774.5920	   1489.9166	   9986.3081	   1774.5786	   	   1489.9142
168	   0.0029	   0.0037	   0.0021	   -1.1148	   -0.4347	   0.1710	   9986.3104	   1780.5963	   1489.9074	   9986.3075	   1780.6000	   	   1489.9052
169	   0.0034	   0.0186	   0.0022	   -1.2447	   -0.4619	   0.1680	   9986.3124	   1786.6003	   1489.8987	   9986.3089	   1786.5817	   	   1489.8965
170	   0.0008	   0.0198	   0.0023	   -1.3618	   -0.5254	   0.1690	   9986.3144	   1792.6040	   1489.8907	   9986.3136	   1792.5842	   	   1489.8884
171	   0.0034	   0.0246	   0.0030	   -1.4638	   -0.5211	   0.1710	   9986.3166	   1798.6074	   1489.8831	   9986.3132	   1798.5828	   	   1489.8801
172	   0.0024	   0.0105	   0.0032	   -1.5455	   -0.5583	   0.1690	   9986.3188	   1804.6106	   1489.8761	   9986.3164	   1804.6001	   	   1489.8729
173	   0.0042	   0.0178	   0.0017	   -1.6077	   -0.5651	   0.1680	   9986.3211	   1810.6135	   1489.8697	   9986.3169	   1810.5957	   	   1489.8679
174	   0.0004	   0.0114	   0.0033	   -1.6946	   -0.6375	   0.1680	   9986.3234	   1816.6160	   1489.8638	   9986.3230	   1816.6046	   	   1489.8605
175	   0.0029	   0.0250	   0.0031	   -1.7601	   -0.6363	   0.1680	   9986.3257	   1822.6183	   1489.8585	   9986.3228	   1822.5933	   	   1489.8555
176	   0.0018	   0.0174	   0.0027	   -1.8080	   -0.6763	   0.1690	   9986.3279	   1828.6202	   1489.8539	   9986.3262	   1828.6029	   	   1489.8512
177	   0.0036	   0.0316	   0.0019	   -1.8524	   -0.6828	   0.1680	   9986.3301	   1834.6218	   1489.8499	   9986.3265	   1834.5902	   	   1489.8480
178	   0.0007	   0.0212	   0.0017	   -1.8853	   -0.7415	   0.1660	   9986.3323	   1840.6230	   1489.8466	   9986.3315	   1840.6018	   	   1489.8449
179	   0.0037	   0.0179	   0.0039	   -1.9414	   -0.7301	   0.1680	   9986.3344	   1846.6239	   1489.8440	   9986.3306	   1846.6059	   	   1489.8401
180	   0.0004	   0.0124	   0.0029	   -1.9501	   -0.7951	   0.1690	   9986.3364	   1852.6244	   1489.8421	   9986.3361	   1852.6119	   	   1489.8392
181	   0.0026	   0.0189	   0.0025	   -1.9644	   -0.7944	   0.1690	   9986.3385	   1858.6245	   1489.8408	   9986.3359	   1858.6056	   	   1489.8383
182	   0.0019	   0.0191	   0.0034	   -1.9841	   -0.8282	   0.1690	   9986.3406	   1864.6244	   1489.8401	   9986.3387	   1864.6052	   	   1489.8367
183	   0.0021	   0.0179	   0.0024	   -1.9711	   -0.8506	   0.1680	   9986.3427	   1870.6239	   1489.8400	   9986.3406	   1870.6061	   	   1489.8377
184	   0.0018	   0.0106	   0.0024	   -1.9614	   -0.8772	   0.1660	   9986.3446	   1876.6232	   1489.8406	   9986.3428	   1876.6126	   	   1489.8383
185	   0.0022	   0.0129	   0.0026	   -1.9496	   -0.8956	   0.1680	   9986.3465	   1882.6222	   1489.8419	   9986.3443	   1882.6093	   	   1489.8394
186	   0.0036	   0.0332	   0.0016	   -1.9230	   -0.9024	   0.1690	   9986.3482	   1888.6209	   1489.8439	   9986.3445	   1888.5876	   	   1489.8423
187	   0.0003	   0.0167	   0.0035	   -1.9065	   -0.9595	   0.1660	   9986.3498	   1894.6192	   1489.8467	   9986.3495	   1894.6025	   	   1489.8431
188	   0.0028	   0.0154	   0.0024	   -1.8503	   -0.9495	   0.1690	   9986.3514	   1900.6173	   1489.8501	   9986.3486	   1900.6019	   	   1489.8478
189	   0.0029	   0.0148	   0.0033	   -1.8106	   -0.9683	   0.1680	   9986.3530	   1906.6151	   1489.8544	   9986.3501	   1906.6003	   	   1489.8511
190	   0.0019	   0.0269	   0.0026	   -1.7475	   -1.0029	   0.1690	   9986.3547	   1912.6125	   1489.8593	   9986.3527	   1912.5856	   	   1489.8567
191	   0.0042	   0.0313	   0.0020	   -1.6737	   -0.9967	   0.1680	   9986.3563	   1918.6097	   1489.8650	   9986.3521	   1918.5784	   	   1489.8630
192	   0.0022	   0.0244	   0.0032	   -1.6101	   -1.0387	   0.1730	   9986.3578	   1924.6066	   1489.8713	   9986.3556	   1924.5822	   	   1489.8681
193	   0.0015	   0.0277	   0.0024	   -1.5180	   -1.0680	   0.1670	   9986.3593	   1930.6032	   1489.8783	   9986.3579	   1930.5756	   	   1489.8758
194	   0.0031	   0.0275	   0.0015	   -1.4146	   -1.0674	   0.1690	   9986.3608	   1936.5996	   1489.8859	   9986.3578	   1936.5721	   	   1489.8844
195	   0.0018	   0.0291	   0.0017	   -1.3173	   -1.1021	   0.1690	   9986.3623	   1942.5957	   1489.8941	   9986.3605	   1942.5666	   	   1489.8925
196	   0.0031	   0.0243	   0.0023	   -1.2171	   -1.1036	   0.1830	   9986.3638	   1948.5916	   1489.9030	   9986.3606	   1948.5673	   	   1489.9006
197	   0.0020	   0.0242	   0.0029	   -1.0697	   -1.1400	   0.1720	   9986.3655	   1956.5856	   1489.9157	   9986.3635	   1956.5614	   	   1489.9128
198	   0.0045	   0.0067	   0.0044	   -0.9603	   -1.1188	   0.1690	   9986.3665	   1962.5809	   1489.9258	   9986.3620	   1962.5743	   	   1489.9215
199	   0.0033	   0.0234	   0.0002	   -0.7826	   -1.1497	   0.1700	   9986.3674	   1968.5760	   1489.9365	   9986.3641	   1968.5526	   	   1489.9363
200	   0.0025	   0.0338	   0.0024	   -0.6751	   -1.1706	   0.1710	   9986.3680	   1974.5709	   1489.9476	   9986.3655	   1974.5371	   	   1489.9452
201	   0.0012	   0.0013	   0.0043	   -0.5542	   -1.1847	   0.1710	   9986.3684	   1980.5657	   1489.9591	   9986.3672	   1980.5644	   	   1489.9548
202	   0.0041	   0.0020	   0.0036	   -0.4035	   -1.1539	   0.1710	   9986.3687	   1986.5604	   1489.9707	   9986.3646	   1986.5584	   	   1489.9671
203	   0.0041	   0.0161	   0.0024	   -0.2437	   -1.1602	   0.1770	   9986.3688	   1992.5551	   1489.9826	   9986.3647	   1992.5389	   	   1489.9802
204	   0.0051	   0.0171	   0.0002	   -0.0682	   -1.1491	   0.1710	   9986.3688	   1998.5496	   1489.9947	   9986.3637	   1998.5326	   	   1489.9945
205	   0.0038	   0.0071	   0.0021	   0.1123	   -1.1620	   0.1710	   9986.3685	   2004.5441	   1490.0070	   9986.3648	   2004.5370	   	   1490.0091
206	   0.0039	   0.0371	   0.0008	   0.2340	   -1.1642	   0.1890	   9986.3681	   2010.5385	   1490.0196	   9986.3642	   2010.5013	   	   1490.0188
207	   0.0027	   0.0245	   0.0020	   0.4307	   -1.1668	   0.1710	   9986.3672	   2018.5308	   1490.0367	   9986.3646	   2018.5064	   	   1490.0347
208	   0.0014	   0.0055	   0.0037	   0.5684	   -1.1667	   0.1720	   9986.3662	   2024.5250	   1490.0497	   9986.3648	   2024.5196	   	   1490.0459
209	   0.0022	   0.0194	   0.0039	   0.7326	   -1.1470	   0.1740	   9986.3650	   2030.5192	   1490.0628	   9986.3628	   2030.4997	   	   1490.0589
210	   0.0016	   0.0312	   0.0026	   0.9162	   -1.1409	   0.1700	   9986.3636	   2036.5133	   1490.0760	   9986.3620	   2036.4821	   	   1490.0734
211	   0.0028	   0.0202	   0.0038	   1.0662	   -1.1038	   0.1710	   9986.3619	   2042.5074	   1490.0894	   9986.3591	   2042.4871	   	   1490.0856
212	   0.0004	   0.0243	   0.0032	   1.2428	   -1.1229	   0.1720	   9986.3601	   2048.5014	   1490.1027	   9986.3604	   2048.4771	   	   1490.0995
213	   0.0014	   0.0284	   0.0021	   1.4282	   -1.0786	   0.1710	   9986.3581	   2054.4953	   1490.1162	   9986.3567	   2054.4669	   	   1490.1141
214	   0.0023	   0.0053	   0.0020	   1.5928	   -1.0389	   0.1710	   9986.3561	   2060.4892	   1490.1297	   9986.3538	   2060.4839	   	   1490.1277
215	   0.0011	   0.0322	   0.0029	   1.7615	   -1.0358	   0.1770	   9986.3541	   2066.4831	   1490.1432	   9986.3530	   2066.4509	   	   1490.1403
216	   0.0015	   0.0145	   0.0026	   1.9292	   -1.0010	   0.1770	   9986.3519	   2072.4769	   1490.1566	   9986.3504	   2072.4624	   	   1490.1540
217	   0.0049	   0.0132	   0.0026	   2.0985	   -0.9319	   0.1730	   9986.3497	   2078.4707	   1490.1699	   9986.3448	   2078.4575	   	   1490.1674
218	   0.0012	   0.0373	   0.0027	   2.2780	   -0.9547	   0.1730	   9986.3473	   2084.4645	   1490.1832	   9986.3461	   2084.4272	   	   1490.1805
219	   0.0044	   0.0060	   0.0026	   2.4325	   -0.8747	   0.1730	   9986.3446	   2090.4583	   1490.1964	   9986.3402	   2090.4523	   	   1490.1938
220	   0.0012	   0.0226	   0.0025	   2.6118	   -0.8823	   0.1730	   9986.3416	   2096.4520	   1490.2096	   9986.3404	   2096.4295	   	   1490.2071
221	   0.0019	   0.0103	   0.0012	   2.7905	   -0.8323	   0.1780	   9986.3385	   2102.4457	   1490.2227	   9986.3366	   2102.4354	   	   1490.2215
222	   0.0028	   0.0146	   0.0032	   2.9363	   -0.7828	   0.1740	   9986.3353	   2108.4394	   1490.2358	   9986.3325	   2108.4248	   	   1490.2326
223	   0.0028	   0.0198	   0.0026	   3.1149	   -0.7426	   0.1770	   9986.3320	   2114.4331	   1490.2487	   9986.3292	   2114.4133	   	   1490.2462
224	   0.0032	   0.0276	   0.0020	   3.2950	   -0.6968	   0.1730	   9986.3286	   2120.4268	   1490.2616	   9986.3254	   2120.3992	   	   1490.2596
225	   0.0034	   0.0223	   0.0030	   3.4436	   -0.6489	   0.1750	   9986.3250	   2126.4206	   1490.2743	   9986.3216	   2126.3983	   	   1490.2713
226	   0.0030	   0.0301	   0.0043	   3.5990	   -0.6057	   0.1740	   9986.3211	   2132.4144	   1490.2870	   9986.3180	   2132.3842	   	   1490.2827
227	   0.0025	   0.0280	   0.0040	   3.7645	   -0.5598	   0.1750	   9986.3169	   2138.4082	   1490.2995	   9986.3144	   2138.3803	   	   1490.2955
228	   0.0019	   0.0225	   0.0018	   3.9496	   -0.5119	   0.1740	   9986.3125	   2144.4022	   1490.3118	   9986.3107	   2144.3797	   	   1490.3100
229	   0.0020	   0.0131	   0.0020	   4.0971	   -0.4516	   0.1760	   9986.3080	   2150.3963	   1490.3239	   9986.3059	   2150.3832	   	   1490.3218
230	   0.0030	   0.0185	   0.0034	   4.2413	   -0.3793	   0.1770	   9986.3032	   2156.3906	   1490.3358	   9986.3002	   2156.3721	   	   1490.3324
231	   0.0006	   0.0166	   0.0016	   4.4183	   -0.3461	   0.1770	   9986.2982	   2162.3848	   1490.3477	   9986.2976	   2162.3682	   	   1490.3460
232	   0.0029	   0.0075	   0.0030	   4.5465	   -0.2495	   0.1730	   9986.2930	   2168.3792	   1490.3593	   9986.2901	   2168.3717	   	   1490.3564
233	   0.0049	   0.0129	   0.0024	   4.7114	   -0.1549	   0.1760	   9986.2875	   2174.3736	   1490.3709	   9986.2826	   2174.3607	   	   1490.3685
234	   0.0006	   0.0269	   0.0042	   4.8534	   -0.1534	   0.1740	   9986.2818	   2180.3682	   1490.3822	   9986.2824	   2180.3412	   	   1490.3780
235	   0.0049	   0.0196	   0.0034	   5.0053	   -0.0086	   0.1740	   9986.2761	   2186.3628	   1490.3934	   9986.2712	   2186.3432	   	   1490.3900
236	   0.0017	   0.0032	   0.0007	   5.1843	   0.0250	   0.1730	   9986.2703	   2192.3575	   1490.4044	   9986.2686	   2192.3543	   	   1490.4051
237	   0.0019	   0.0146	   0.0025	   5.3009	   0.1013	   0.1750	   9986.2645	   2198.3524	   1490.4151	   9986.2627	   2198.3377	   	   1490.4127
238	   0.0022	   0.0214	   0.0011	   5.4677	   0.1807	   0.1760	   9986.2587	   2204.3473	   1490.4257	   9986.2565	   2204.3259	   	   1490.4246
239	   0.0049	   0.0272	   0.0028	   5.5892	   0.2911	   0.1780	   9986.2530	   2210.3424	   1490.4359	   9986.2481	   2210.3152	   	   1490.4331
240	   0.0015	   0.0161	   0.0032	   5.7036	   0.3206	   0.1760	   9986.2473	   2216.3377	   1490.4458	   9986.2457	   2216.3216	   	   1490.4426
241	   0.0025	   0.0328	   0.0025	   5.8625	   0.4072	   0.1820	   9986.2417	   2222.3331	   1490.4554	   9986.2392	   2222.3003	   	   1490.4528
242	   0.0027	   0.0129	   0.0022	   5.9659	   0.4790	   0.1890	   9986.2363	   2228.3287	   1490.4647	   9986.2335	   2228.3157	   	   1490.4625
243	   0.0009	   0.0337	   0.0027	   6.1094	   0.5263	   0.1850	   9986.2310	   2234.3244	   1490.4738	   9986.2301	   2234.2907	   	   1490.4710
244	   0.0038	   0.0290	   0.0013	   6.2797	   0.6527	   0.1880	   9986.2242	   2242.3189	   1490.4855	   9986.2204	   2242.2899	   	   1490.4842
245	   0.0017	   0.0142	   0.0031	   6.3510	   0.6880	   0.1850	   9986.2192	   2248.3149	   1490.4940	   9986.2176	   2248.3007	   	   1490.4909
246	   0.0018	   0.0319	   0.0056	   6.4565	   0.7572	   0.1850	   9986.2144	   2254.3111	   1490.5023	   9986.2125	   2254.2792	   	   1490.4967
247	   0.0018	   0.0259	   0.0018	   6.6051	   0.8179	   0.1830	   9986.2096	   2260.3075	   1490.5103	   9986.2078	   2260.2816	   	   1490.5085
248	   0.0002	   0.0341	   0.0024	   6.7160	   0.8612	   0.1830	   9986.2049	   2266.3040	   1490.5181	   9986.2047	   2266.2699	   	   1490.5158
249	   0.0014	   0.0259	   0.0027	   6.8025	   0.9359	   0.1840	   9986.2003	   2272.3006	   1490.5257	   9986.1989	   2272.2747	   	   1490.5230
250	   0.0024	   0.0162	   0.0024	   6.9248	   1.0288	   0.1810	   9986.1941	   2280.2963	   1490.5356	   9986.1917	   2280.2802	   	   1490.5332
251	   0.0015	   0.0194	   0.0023	   7.0285	   1.0768	   0.1800	   9986.1896	   2286.2933	   1490.5428	   9986.1881	   2286.2739	   	   1490.5405
252	   0.0015	   0.0117	   0.0009	   7.1275	   1.1334	   0.1770	   9986.1852	   2292.2903	   1490.5497	   9986.1837	   2292.2786	   	   1490.5488
253	   0.0021	   0.0095	   0.0002	   7.2291	   1.1964	   0.1850	   9986.1810	   2298.2875	   1490.5564	   9986.1789	   2298.2780	   	   1490.5566
254	   0.0023	   0.0131	   0.0026	   7.2873	   1.2545	   0.1750	   9986.1769	   2304.2848	   1490.5629	   9986.1746	   2304.2718	   	   1490.5603
255	   0.0024	   0.0144	   0.0017	   7.3862	   1.3083	   0.1830	   9986.1729	   2310.2823	   1490.5692	   9986.1706	   2310.2679	   	   1490.5675
256	   0.0013	   0.0255	   0.0027	   7.4759	   1.3485	   0.1730	   9986.1691	   2316.2798	   1490.5754	   9986.1678	   2316.2542	   	   1490.5727
257	   0.0012	   0.0218	   0.0043	   7.5301	   1.3985	   0.1710	   9986.1652	   2322.2773	   1490.5814	   9986.1640	   2322.2556	   	   1490.5771
258	   0.0034	   0.0184	   0.0014	   7.6403	   1.4784	   0.1740	   9986.1612	   2328.2750	   1490.5871	   9986.1578	   2328.2567	   	   1490.5858
259	   0.0025	   0.0148	   0.0026	   7.6913	   1.5184	   0.1750	   9986.1572	   2334.2729	   1490.5925	   9986.1547	   2334.2581	   	   1490.5899
260	   0.0030	   0.0228	   0.0033	   7.7656	   1.5815	   0.1830	   9986.1532	   2340.2709	   1490.5976	   9986.1502	   2340.2481	   	   1490.5943
261	   0.0042	   0.0085	   0.0001	   7.8484	   1.6457	   0.1800	   9986.1492	   2346.2691	   1490.6023	   9986.1450	   2346.2606	   	   1490.6025
262	   0.0043	   0.0061	   0.0004	   7.8980	   1.6994	   0.1790	   9986.1451	   2352.2674	   1490.6068	   9986.1408	   2352.2613	   	   1490.6064
263	   0.0031	   0.0048	   0.0000	   7.9558	   1.7382	   0.1960	   9986.1409	   2358.2658	   1490.6109	   9986.1379	   2358.2611	   	   1490.6109
264	   0.0021	   0.0156	   0.0001	   8.0426	   1.8064	   0.1920	   9986.1352	   2366.2640	   1490.6160	   9986.1331	   2366.2484	   	   1490.6158
265	   0.0038	   0.0222	   0.0028	   8.0811	   1.9113	   0.1940	   9986.1292	   2374.2625	   1490.6205	   9986.1254	   2374.2403	   	   1490.6177
266	   0.0030	   0.0004	   0.0010	   8.1428	   1.9702	   0.1950	   9986.1232	   2382.2612	   1490.6244	   9986.1202	   2382.2609	   	   1490.6254
267	   0.0016	   0.0186	   0.0013	   8.1891	   2.0373	   0.2050	   9986.1173	   2390.2603	   1490.6276	   9986.1157	   2390.2418	   	   1490.6263
268	   0.0024	   0.0172	   0.0022	   8.2063	   2.1227	   0.1960	   9986.1116	   2398.2599	   1490.6299	   9986.1092	   2398.2427	   	   1490.6277
269	   0.0030	   0.0233	   0.0023	   8.2333	   2.2073	   0.2000	   9986.1060	   2406.2599	   1490.6312	   9986.1030	   2406.2366	   	   1490.6289
270	   0.0024	   0.0119	   0.0011	   8.2312	   2.2669	   0.2190	   9986.1004	   2414.2604	   1490.6316	   9986.0980	   2414.2484	   	   1490.6305
271	   0.0036	   0.0163	   0.0004	   8.2411	   2.3595	   0.2030	   9986.0947	   2422.2612	   1490.6311	   9986.0911	   2422.2449	   	   1490.6307
272	   0.0030	   0.0152	   0.0024	   8.1937	   2.4244	   0.1960	   9986.0891	   2430.2624	   1490.6298	   9986.0861	   2430.2472	   	   1490.6274
273	   0.0010	   0.0261	   0.0022	   8.1836	   2.4736	   0.1970	   9986.0837	   2438.2639	   1490.6275	   9986.0827	   2438.2378	   	   1490.6253
274	   0.0022	   0.0251	   0.0033	   8.1201	   2.5563	   0.2170	   9986.0785	   2446.2659	   1490.6241	   9986.0763	   2446.2408	   	   1490.6208
275	   0.0012	   0.0318	   0.0061	   8.0351	   2.6106	   0.1930	   9986.0735	   2454.2683	   1490.6196	   9986.0724	   2454.2366	   	   1490.6136
276	   0.0028	   0.0358	   0.0057	   7.9698	   2.6987	   0.1900	   9986.0685	   2462.2713	   1490.6141	   9986.0657	   2462.2354	   	   1490.6084
277	   0.0016	   0.0279	   0.0036	   7.8920	   2.7435	   0.1880	   9986.0633	   2470.2746	   1490.6075	   9986.0618	   2470.2468	   	   1490.6039
278	   0.0028	   0.0057	   0.0001	   7.8240	   2.7964	   0.1960	   9986.0594	   2476.2775	   1490.6020	   9986.0565	   2476.2718	   	   1490.6021
279	   0.0017	   0.0243	   0.0030	   7.7028	   2.8616	   0.1890	   9986.0540	   2484.2816	   1490.5938	   9986.0522	   2484.2574	   	   1490.5907
280	   0.0013	   0.0232	   0.0034	   7.5713	   2.9230	   0.1810	   9986.0485	   2492.2863	   1490.5846	   9986.0472	   2492.2631	   	   1490.5813
281	   0.0020	   0.0176	   0.0028	   7.4668	   2.9793	   0.1790	   9986.0444	   2498.2900	   1490.5772	   9986.0424	   2498.2724	   	   1490.5744
282	   0.0005	   0.0206	   0.0025	   7.3657	   3.0131	   0.1780	   9986.0403	   2504.2941	   1490.5692	   9986.0398	   2504.2734	   	   1490.5666
283	   0.0017	   0.0264	   0.0042	   7.2389	   3.0817	   0.1770	   9986.0363	   2510.2983	   1490.5607	   9986.0346	   2510.2719	   	   1490.5566
284	   0.0013	   0.0190	   0.0021	   7.1325	   3.1204	   0.1780	   9986.0323	   2516.3028	   1490.5519	   9986.0310	   2516.2837	   	   1490.5498
285	   0.0004	   0.0328	   0.0034	   7.0111	   3.1656	   0.1790	   9986.0284	   2522.3074	   1490.5426	   9986.0280	   2522.2746	   	   1490.5392
286	   0.0034	   0.0153	   0.0026	   6.8169	   3.2524	   0.1930	   9986.0234	   2530.3138	   1490.5296	   9986.0200	   2530.2985	   	   1490.5270
287	   0.0039	   0.0093	   0.0021	   6.6295	   3.3127	   0.1900	   9986.0185	   2538.3206	   1490.5159	   9986.0146	   2538.3113	   	   1490.5139
288	   0.0035	   0.0006	   0.0005	   6.4560	   3.3579	   0.1940	   9986.0137	   2546.3276	   1490.5015	   9986.0102	   2546.3271	   	   1490.5021
289	   0.0021	   0.0158	   0.0028	   6.2342	   3.4067	   0.1750	   9986.0090	   2554.3349	   1490.4866	   9986.0069	   2554.3191	   	   1490.4838
290	   0.0020	   0.0102	   0.0025	   6.0755	   3.4409	   0.1780	   9986.0056	   2560.3405	   1490.4751	   9986.0036	   2560.3303	   	   1490.4726
291	   0.0011	   0.0252	   0.0047	   5.9089	   3.4783	   0.1950	   9986.0024	   2566.3461	   1490.4633	   9986.0012	   2566.3209	   	   1490.4586
292	   0.0022	   0.0262	   0.0043	   5.6973	   3.5388	   0.1890	   9985.9983	   2574.3537	   1490.4470	   9985.9961	   2574.3276	   	   1490.4427
293	   0.0005	   0.0464	   0.0053	   5.5406	   3.5511	   0.1890	   9985.9956	   2580.3596	   1490.4344	   9985.9960	   2580.3132	   	   1490.4291
294	   0.0016	   0.0081	   0.0005	   5.3268	   3.5847	   0.1860	   9985.9921	   2588.3675	   1490.4172	   9985.9905	   2588.3595	   	   1490.4167
295	   0.0015	   0.0219	   0.0037	   5.1290	   3.6196	   0.1860	   9985.9898	   2594.3735	   1490.4041	   9985.9883	   2594.3516	   	   1490.4005
296	   0.0019	   0.0128	   0.0017	   4.9680	   3.6421	   0.1900	   9985.9875	   2600.3795	   1490.3909	   9985.9856	   2600.3667	   	   1490.3891
297	   0.0027	   0.0198	   0.0008	   4.7509	   3.6871	   0.1820	   9985.9847	   2608.3876	   1490.3729	   9985.9820	   2608.3678	   	   1490.3722
298	   0.0008	   0.0305	   0.0027	   4.5568	   3.6942	   0.1880	   9985.9825	   2614.3938	   1490.3592	   9985.9817	   2614.3633	   	   1490.3565
299	   0.0019	   0.0207	   0.0019	   4.3118	   3.7303	   0.1840	   9985.9796	   2622.4022	   1490.3406	   9985.9777	   2622.3815	   	   1490.3386
300	   0.0009	   0.0291	   0.0025	   4.0649	   3.7575	   0.1830	   9985.9765	   2630.4107	   1490.3217	   9985.9756	   2630.3816	   	   1490.3192
301	   0.0042	   0.0156	   0.0016	   3.8154	   3.8203	   0.1810	   9985.9733	   2638.4192	   1490.3026	   9985.9691	   2638.4037	   	   1490.3010
302	   0.0026	   0.0072	   0.0016	   3.5601	   3.8229	   0.1810	   9985.9704	   2646.4279	   1490.2835	   9985.9678	   2646.4207	   	   1490.2819
303	   0.0020	   0.0308	   0.0026	   3.3162	   3.8623	   0.1790	   9985.9677	   2654.4366	   1490.2643	   9985.9657	   2654.4058	   	   1490.2617
304	   0.0041	   0.0063	   0.0021	   3.1205	   3.8873	   0.1790	   9985.9657	   2660.4431	   1490.2499	   9985.9616	   2660.4368	   	   1490.2479
305	   0.0001	   0.0341	   0.0013	   2.9650	   3.8757	   0.1770	   9985.9638	   2666.4496	   1490.2357	   9985.9640	   2666.4155	   	   1490.2344
306	   0.0029	   0.0034	   0.0018	   2.7573	   3.9062	   0.1750	   9985.9619	   2672.4561	   1490.2215	   9985.9590	   2672.4527	   	   1490.2197
307	   0.0033	   0.0213	   0.0012	   2.5941	   3.9430	   0.1780	   9985.9601	   2678.4625	   1490.2074	   9985.9568	   2678.4412	   	   1490.2062
308	   0.0016	   0.0371	   0.0050	   2.3752	   3.9514	   0.1720	   9985.9584	   2684.4689	   1490.1934	   9985.9568	   2684.4318	   	   1490.1884
309	   0.0026	   0.0132	   0.0039	   2.1414	   3.9620	   0.1780	   9985.9564	   2692.4773	   1490.1749	   9985.9537	   2692.4641	   	   1490.1710
310	   0.0021	   0.0241	   0.0030	   1.9825	   3.9754	   0.1780	   9985.9550	   2698.4836	   1490.1612	   9985.9530	   2698.4595	   	   1490.1582
311	   0.0027	   0.0149	   0.0046	   1.7310	   3.9860	   0.1820	   9985.9536	   2706.4918	   1490.1433	   9985.9509	   2706.4769	   	   1490.1386
312	   0.0031	   0.0196	   0.0021	   1.5966	   4.0001	   0.1850	   9985.9528	   2712.4980	   1490.1300	   9985.9497	   2712.4784	   	   1490.1279
313	   0.0043	   0.0226	   0.0006	   1.4513	   4.0188	   0.1940	   9985.9522	   2718.5041	   1490.1169	   9985.9479	   2718.4815	   	   1490.1163
314	   0.0046	   0.0111	   0.0043	   1.1856	   4.0104	   0.1960	   9985.9519	   2726.5122	   1490.0998	   9985.9473	   2726.5011	   	   1490.0954
315	   0.0026	   0.0081	   0.0026	   0.9990	   3.9790	   0.2070	   9985.9517	   2734.5202	   1490.0832	   9985.9490	   2734.5121	   	   1490.0806
316	   0.0018	   0.0162	   0.0017	   0.8119	   3.9707	   0.2180	   9985.9515	   2742.5281	   1490.0672	   9985.9497	   2742.5119	   	   1490.0655
317	   0.0004	   0.0411	   0.0050	   0.5822	   3.9616	   0.2150	   9985.9513	   2750.5358	   1490.0518	   9985.9516	   2750.4946	   	   1490.0468
318	   0.0015	   0.0300	   0.0015	   0.4794	   3.9348	   0.2170	   9985.9510	   2758.5433	   1490.0372	   9985.9525	   2758.5133	   	   1490.0387
319	   0.0009	   0.0015	   0.0031	   0.2474	   3.9169	   0.2120	   9985.9506	   2766.5506	   1490.0232	   9985.9515	   2766.5491	   	   1490.0201
320	   0.0041	   0.0089	   0.0042	   0.0702	   3.9701	   0.1930	   9985.9501	   2774.5577	   1490.0099	   9985.9460	   2774.5666	   	   1490.0057
321	   0.0022	   0.0183	   0.0030	   -0.0333	   3.9711	   0.1860	   9985.9496	   2780.5629	   1490.0003	   9985.9474	   2780.5445	   	   1489.9973
322	   0.0044	   0.0057	   0.0022	   -0.1718	   3.9896	   0.1830	   9985.9489	   2788.5695	   1489.9882	   9985.9446	   2788.5638	   	   1489.9860
323	   0.0034	   0.0230	   0.0018	   -0.2750	   3.9944	   0.1860	   9985.9484	   2794.5744	   1489.9795	   9985.9450	   2794.5513	   	   1489.9776
324	   0.0011	   0.0396	   0.0039	   -0.4050	   3.9833	   0.1860	   9985.9479	   2800.5790	   1489.9710	   9985.9468	   2800.5394	   	   1489.9671
325	   0.0015	   0.0280	   0.0010	   -0.5014	   3.9799	   0.2180	   9985.9473	   2808.5851	   1489.9601	   9985.9458	   2808.5571	   	   1489.9592
326	   0.0017	   0.0178	   0.0016	   -0.6359	   3.9750	   0.2190	   9985.9468	   2816.5909	   1489.9496	   9985.9451	   2816.5732	   	   1489.9480
327	   0.0014	   0.0224	   0.0026	   -0.7725	   3.9758	   0.2190	   9985.9463	   2824.5966	   1489.9395	   9985.9450	   2824.5742	   	   1489.9368
328	   0.0008	   0.0236	   0.0018	   -0.8822	   3.9706	   0.2180	   9985.9459	   2832.6020	   1489.9296	   9985.9451	   2832.5784	   	   1489.9278
329	   0.0027	   0.0196	   0.0029	   -1.0113	   3.9915	   0.2220	   9985.9454	   2840.6072	   1489.9200	   9985.9427	   2840.5876	   	   1489.9171
330	   0.0014	   0.0317	   0.0028	   -1.1257	   3.9878	   0.2150	   9985.9450	   2848.6122	   1489.9106	   9985.9435	   2848.5806	   	   1489.9078
331	   0.0034	   0.0144	   0.0028	   -1.2337	   3.9959	   0.2140	   9985.9447	   2856.6172	   1489.9014	   9985.9413	   2856.6028	   	   1489.8985
332	   0.0015	   0.0237	   0.0015	   -1.3285	   3.9758	   0.2150	   9985.9448	   2864.6219	   1489.8923	   9985.9433	   2864.5982	   	   1489.8908
333	   0.0011	   0.0314	   0.0007	   -1.4267	   3.9707	   0.2110	   9985.9450	   2872.6265	   1489.8835	   9985.9439	   2872.5951	   	   1489.8828
334	   0.0024	   0.0171	   0.0021	   -1.5427	   3.9683	   0.2130	   9985.9453	   2880.6309	   1489.8749	   9985.9428	   2880.6139	   	   1489.8728
335	   0.0033	   0.0188	   0.0023	   -1.6456	   3.9716	   0.2120	   9985.9457	   2888.6352	   1489.8666	   9985.9424	   2888.6164	   	   1489.8642
336	   0.0027	   0.0201	   0.0036	   -1.7572	   3.9543	   0.2090	   9985.9464	   2896.6393	   1489.8585	   9985.9436	   2896.6191	   	   1489.8549
337	   0.0023	   0.0114	   0.0028	   -1.8377	   3.9283	   0.2070	   9985.9473	   2904.6431	   1489.8507	   9985.9449	   2904.6317	   	   1489.8479
338	   0.0024	   0.0398	   0.0016	   -1.9221	   3.9376	   0.2030	   9985.9483	   2912.6468	   1489.8433	   9985.9458	   2912.6070	   	   1489.8417
339	   0.0006	   0.0352	   0.0039	   -2.0324	   3.8959	   0.2070	   9985.9493	   2920.6502	   1489.8363	   9985.9488	   2920.6150	   	   1489.8323
340	   0.0018	   0.0225	   0.0008	   -2.0647	   3.8834	   0.2060	   9985.9505	   2928.6532	   1489.8299	   9985.9487	   2928.6307	   	   1489.8291
341	   0.0015	   0.0262	   0.0020	   -2.1490	   3.8646	   0.2030	   9985.9519	   2936.6558	   1489.8241	   9985.9504	   2936.6296	   	   1489.8222
342	   0.0029	   0.0159	   0.0044	   -2.2337	   3.8501	   0.2100	   9985.9536	   2944.6580	   1489.8191	   9985.9507	   2944.6421	   	   1489.8146
343	   0.0025	   0.0180	   0.0048	   -2.2900	   3.8223	   0.2110	   9985.9555	   2952.6598	   1489.8147	   9985.9531	   2952.6419	   	   1489.8100
344	   0.0047	   0.0082	   0.0026	   -2.3031	   3.8161	   0.2010	   9985.9575	   2960.6613	   1489.8111	   9985.9528	   2960.6530	   	   1489.8084
345	   0.0010	   0.0339	   0.0005	   -2.3253	   3.7665	   0.2020	   9985.9596	   2968.6624	   1489.8081	   9985.9586	   2968.6285	   	   1489.8076
346	   0.0034	   0.0078	   0.0032	   -2.3736	   3.7476	   0.1970	   9985.9618	   2976.6633	   1489.8056	   9985.9584	   2976.6555	   	   1489.8025
347	   0.0010	   0.0284	   0.0019	   -2.3899	   3.7045	   0.2020	   9985.9643	   2984.6639	   1489.8038	   9985.9633	   2984.6355	   	   1489.8019
348	   0.0035	   0.0184	   0.0022	   -2.4034	   3.6941	   0.1970	   9985.9670	   2992.6643	   1489.8026	   9985.9635	   2992.6459	   	   1489.8004
349	   0.0021	   0.0032	   0.0023	   -2.4051	   3.6321	   0.1930	   9985.9698	   3000.6645	   1489.8019	   9985.9677	   3000.6612	   	   1489.7996
350	   0.0023	   0.0149	   0.0016	   -2.4016	   3.6081	   0.1950	   9985.9727	   3008.6643	   1489.8020	   9985.9704	   3008.6494	   	   1489.8004
351	   0.0019	   0.0224	   0.0031	   -2.4145	   3.5751	   0.1930	   9985.9756	   3016.6637	   1489.8028	   9985.9737	   3016.6412	   	   1489.7997
352	   0.0006	   0.0285	   0.0035	   -2.4036	   3.5289	   0.1950	   9985.9785	   3024.6626	   1489.8044	   9985.9780	   3024.6341	   	   1489.8009
353	   0.0025	   0.0296	   0.0009	   -2.3449	   3.5184	   0.1920	   9985.9815	   3032.6611	   1489.8068	   9985.9790	   3032.6315	   	   1489.8058
354	   0.0014	   0.0217	   0.0033	   -2.3350	   3.4645	   0.1910	   9985.9845	   3040.6593	   1489.8097	   9985.9831	   3040.6375	   	   1489.8064
355	   0.0021	   0.0235	   0.0027	   -2.2881	   3.4395	   0.1870	   9985.9875	   3048.6571	   1489.8132	   9985.9854	   3048.6336	   	   1489.8105
356	   0.0038	   0.0223	   0.0006	   -2.2142	   3.4253	   0.1840	   9985.9905	   3056.6545	   1489.8172	   9985.9867	   3056.6322	   	   1489.8166
357	   0.0041	   0.0008	   0.0038	   -2.2011	   3.3879	   0.1860	   9985.9927	   3062.6523	   1489.8207	   9985.9886	   3062.6530	   	   1489.8169
358	   0.0017	   0.0210	   0.0023	   -2.1475	   3.3513	   0.1850	   9985.9947	   3068.6498	   1489.8246	   9985.9930	   3068.6288	   	   1489.8223
359	   0.0032	   0.0091	   0.0042	   -2.1137	   3.3383	   0.1890	   9985.9968	   3074.6471	   1489.8289	   9985.9936	   3074.6380	   	   1489.8248
360	   0.0034	   0.0134	   0.0035	   -2.0336	   3.3128	   0.1850	   9985.9995	   3082.6432	   1489.8352	   9985.9962	   3082.6298	   	   1489.8317
361	   0.0016	   0.0303	   0.0002	   -1.9363	   3.2789	   0.1820	   9986.0017	   3088.6400	   1489.8403	   9986.0001	   3088.6097	   	   1489.8404
362	   0.0020	   0.0268	   0.0023	   -1.9011	   3.2558	   0.1810	   9986.0040	   3094.6368	   1489.8456	   9986.0020	   3094.6100	   	   1489.8433
363	   0.0027	   0.0205	   0.0029	   -1.8365	   3.2355	   0.1810	   9986.0063	   3100.6333	   1489.8514	   9986.0036	   3100.6128	   	   1489.8486
364	   0.0017	   0.0306	   0.0019	   -1.7538	   3.2049	   0.1800	   9986.0085	   3106.6296	   1489.8577	   9986.0069	   3106.5990	   	   1489.8558
365	   0.0024	   0.0117	   0.0031	   -1.6818	   3.1775	   0.1800	   9986.0106	   3112.6258	   1489.8644	   9986.0083	   3112.6140	   	   1489.8613
366	   0.0032	   0.0193	   0.0022	   -1.5885	   3.1714	   0.1780	   9986.0126	   3118.6217	   1489.8715	   9986.0094	   3118.6025	   	   1489.8693
367	   0.0011	   0.0294	   0.0018	   -1.4972	   3.1323	   0.1760	   9986.0145	   3124.6176	   1489.8790	   9986.0134	   3124.5882	   	   1489.8772
368	   0.0030	   0.0219	   0.0023	   -1.4056	   3.1308	   0.1760	   9986.0163	   3130.6133	   1489.8870	   9986.0134	   3130.5914	   	   1489.8846
369	   0.0033	   0.0162	   0.0024	   -1.3035	   3.1129	   0.1780	   9986.0181	   3136.6088	   1489.8954	   9986.0148	   3136.5926	   	   1489.8930
370	   0.0011	   0.0157	   0.0020	   -1.1931	   3.0675	   0.1730	   9986.0199	   3142.6042	   1489.9042	   9986.0187	   3142.5885	   	   1489.9021
371	   0.0034	   0.0133	   0.0036	   -1.1005	   3.0751	   0.1740	   9986.0216	   3148.5995	   1489.9133	   9986.0182	   3148.5861	   	   1489.9098
372	   0.0029	   0.0271	   0.0039	   -0.9920	   3.0617	   0.1760	   9986.0233	   3154.5946	   1489.9229	   9986.0203	   3154.5675	   	   1489.9190
373	   0.0001	   0.0320	   0.0011	   -0.8391	   3.0112	   0.1800	   9986.0249	   3160.5897	   1489.9328	   9986.0250	   3160.5577	   	   1489.9316
374	   0.0057	   0.0042	   0.0046	   -0.7520	   3.0417	   0.1860	   9986.0265	   3166.5846	   1489.9429	   9986.0209	   3166.5888	   	   1489.9383
375	   0.0004	   0.0188	   0.0012	   -0.5855	   2.9752	   0.1880	   9986.0282	   3172.5795	   1489.9535	   9986.0278	   3172.5607	   	   1489.9523
376	   0.0029	   0.0144	   0.0041	   -0.4868	   2.9835	   0.2030	   9986.0300	   3178.5742	   1489.9644	   9986.0271	   3178.5598	   	   1489.9603
377	   0.0000	   0.0369	   0.0018	   -0.2760	   2.9347	   0.2210	   9986.0327	   3186.5669	   1489.9795	   9986.0327	   3186.5300	   	   1489.9776
378	   0.0018	   0.0331	   0.0025	   -0.0914	   2.9252	   0.2150	   9986.0354	   3194.5594	   1489.9951	   9986.0336	   3194.5263	   	   1489.9926
379	   0.0054	   0.0196	   0.0013	   0.1533	   2.9317	   0.2140	   9986.0382	   3202.5518	   1490.0111	   9986.0328	   3202.5321	   	   1490.0124
380	   0.0028	   0.0420	   0.0017	   0.3211	   2.8145	   0.2440	   9986.0410	   3210.5440	   1490.0276	   9986.0438	   3210.5020	   	   1490.0258
381	   0.0027	   0.0444	   0.0032	   0.5106	   2.8545	   0.2190	   9986.0437	   3218.5363	   1490.0442	   9986.0411	   3218.4919	   	   1490.0410
382	   0.0003	   0.0372	   0.0022	   0.7321	   2.7829	   0.2230	   9986.0465	   3226.5286	   1490.0610	   9986.0469	   3226.4914	   	   1490.0588
383	   0.0029	   0.0118	   0.0024	   0.9345	   2.7778	   0.2280	   9986.0493	   3234.5210	   1490.0777	   9986.0464	   3234.5092	   	   1490.0753
384	   0.0013	   0.0218	   0.0023	   1.1465	   2.7341	   0.2250	   9986.0521	   3242.5136	   1490.0944	   9986.0508	   3242.4918	   	   1490.0921
385	   0.0014	   0.0152	   0.0033	   1.3410	   2.7036	   0.2240	   9986.0547	   3250.5063	   1490.1110	   9986.0533	   3250.4911	   	   1490.1077
386	   0.0029	   0.0192	   0.0044	   1.5354	   2.6990	   0.2050	   9986.0570	   3258.4991	   1490.1274	   9986.0542	   3258.4799	   	   1490.1230
387	   0.0027	   0.0252	   0.0032	   1.7594	   2.6808	   0.2010	   9986.0590	   3266.4920	   1490.1438	   9986.0562	   3266.4668	   	   1490.1406
388	   0.0024	   0.0303	   0.0012	   1.9925	   2.6651	   0.2040	   9986.0605	   3274.4850	   1490.1600	   9986.0581	   3274.4547	   	   1490.1588
389	   0.0029	   0.0361	   0.0020	   2.1880	   2.6630	   0.2000	   9986.0617	   3282.4780	   1490.1759	   9986.0588	   3282.4420	   	   1490.1739
390	   0.0029	   0.0256	   0.0030	   2.3670	   2.6478	   0.2000	   9986.0628	   3290.4712	   1490.1913	   9986.0599	   3290.4456	   	   1490.1883
391	   0.0031	   0.0138	   0.0037	   2.5418	   2.6337	   0.1960	   9986.0639	   3298.4645	   1490.2062	   9986.0607	   3298.4507	   	   1490.2025
392	   0.0030	   0.0285	   0.0025	   2.7482	   2.6292	   0.1720	   9986.0651	   3306.4580	   1490.2204	   9986.0621	   3306.4294	   	   1490.2179
393	   0.0024	   0.0122	   0.0004	   2.8950	   2.6029	   0.1700	   9986.0661	   3312.4532	   1490.2305	   9986.0636	   3312.4410	   	   1490.2301
394	   0.0009	   0.0286	   0.0028	   2.9993	   2.5839	   0.1710	   9986.0670	   3318.4487	   1490.2402	   9986.0661	   3318.4201	   	   1490.2374
395	   0.0008	   0.0176	   0.0039	   3.0965	   2.5675	   0.1750	   9986.0679	   3324.4443	   1490.2493	   9986.0671	   3324.4267	   	   1490.2454
396	   0.0018	   0.0260	   0.0029	   3.2269	   2.5752	   0.1710	   9986.0688	   3330.4401	   1490.2580	   9986.0671	   3330.4141	   	   1490.2551
397	   0.0031	   0.0290	   0.0031	   3.3333	   2.5841	   0.1770	   9986.0697	   3336.4361	   1490.2662	   9986.0667	   3336.4071	   	   1490.2631
398	   0.0031	   0.0147	   0.0022	   3.4343	   2.5668	   0.1780	   9986.0706	   3342.4322	   1490.2739	   9986.0676	   3342.4175	   	   1490.2717
399	   0.0018	   0.0061	   0.0011	   3.5369	   2.5369	   0.1770	   9986.0715	   3348.4286	   1490.2812	   9986.0697	   3348.4225	   	   1490.2801
400	   0.0025	   0.0118	   0.0021	   3.6169	   2.5395	   0.1780	   9986.0725	   3354.4251	   1490.2881	   9986.0699	   3354.4133	   	   1490.2859
401	   0.0020	   0.0148	   0.0025	   3.6981	   2.5243	   0.1730	   9986.0734	   3360.4219	   1490.2945	   9986.0714	   3360.4071	   	   1490.2920
402	   0.0035	   0.0205	   0.0020	   3.7864	   2.5349	   0.1690	   9986.0744	   3366.4189	   1490.3004	   9986.0709	   3366.3983	   	   1490.2984
403	   0.0024	   0.0102	   0.0001	   3.8739	   2.5045	   0.1690	   9986.0754	   3372.4160	   1490.3059	   9986.0730	   3372.4058	   	   1490.3058
404	   0.0033	   0.0158	   0.0034	   3.9041	   2.5086	   0.1720	   9986.0764	   3378.4134	   1490.3110	   9986.0731	   3378.3975	   	   1490.3076
405	   0.0026	   0.0216	   0.0021	   3.9877	   2.4915	   0.1700	   9986.0774	   3384.4109	   1490.3157	   9986.0748	   3384.3894	   	   1490.3137
406	   0.0020	   0.0227	   0.0022	   4.0431	   2.4737	   0.1680	   9986.0783	   3390.4087	   1490.3200	   9986.0763	   3390.3859	   	   1490.3178
407	   0.0014	   0.0171	   0.0022	   4.0893	   2.4516	   0.1720	   9986.0792	   3396.4066	   1490.3239	   9986.0779	   3396.3895	   	   1490.3217
408	   0.0032	   0.0184	   0.0018	   4.1407	   2.4631	   0.1670	   9986.0803	   3402.4047	   1490.3273	   9986.0771	   3402.3864	   	   1490.3255
409	   0.0025	   0.0213	   0.0013	   4.1895	   2.4418	   0.1680	   9986.0815	   3408.4030	   1490.3303	   9986.0790	   3408.3818	   	   1490.3290
410	   0.0015	   0.0241	   0.0042	   4.1898	   2.4162	   0.1690	   9986.0827	   3414.4016	   1490.3329	   9986.0812	   3414.3775	   	   1490.3287
411	   0.0037	   0.0060	   0.0010	   4.2421	   2.4179	   0.1690	   9986.0840	   3420.4003	   1490.3351	   9986.0803	   3420.3943	   	   1490.3341
412	   0.0010	   0.0273	   0.0049	   4.2367	   2.3776	   0.1680	   9986.0854	   3426.3992	   1490.3370	   9986.0844	   3426.3719	   	   1490.3320
413	   0.0011	   0.0217	   0.0014	   4.2956	   2.3587	   0.1680	   9986.0868	   3432.3982	   1490.3384	   9986.0857	   3432.3765	   	   1490.3370
414	   0.0041	   0.0022	   0.0010	   4.2983	   2.3681	   0.1680	   9986.0883	   3438.3974	   1490.3396	   9986.0842	   3438.3952	   	   1490.3386
415	   0.0021	   0.0207	   0.0036	   4.2940	   2.3330	   0.1650	   9986.0899	   3444.3968	   1490.3404	   9986.0878	   3444.3761	   	   1490.3368
416	   0.0019	   0.0268	   0.0038	   4.3037	   2.3124	   0.1690	   9986.0916	   3450.3963	   1490.3409	   9986.0896	   3450.3694	   	   1490.3371
417	   0.0004	   0.0252	   0.0036	   4.3093	   2.2691	   0.1680	   9986.0934	   3456.3959	   1490.3412	   9986.0930	   3456.3707	   	   1490.3376
418	   0.0017	   0.0259	   0.0034	   4.3120	   2.2595	   0.1670	   9986.0954	   3462.3957	   1490.3412	   9986.0938	   3462.3697	   	   1490.3378
419	   0.0003	   0.0296	   0.0049	   4.2941	   2.2162	   0.1680	   9986.0976	   3468.3956	   1490.3410	   9986.0973	   3468.3660	   	   1490.3361
420	   0.0026	   0.0168	   0.0027	   4.3044	   2.2100	   0.1690	   9986.0999	   3474.3956	   1490.3406	   9986.0973	   3474.3788	   	   1490.3379
421	   0.0026	   0.0229	   0.0022	   4.3048	   2.1692	   0.1730	   9986.1033	   3482.3958	   1490.3397	   9986.1007	   3482.3729	   	   1490.3375
422	   0.0013	   0.0285	   0.0025	   4.2936	   2.1214	   0.1720	   9986.1060	   3488.3962	   1490.3387	   9986.1047	   3488.3676	   	   1490.3362
423	   0.0028	   0.0224	   0.0026	   4.2705	   2.1013	   0.1730	   9986.1088	   3494.3967	   1490.3375	   9986.1060	   3494.3742	   	   1490.3349
424	   0.0013	   0.0201	   0.0015	   4.2619	   2.0443	   0.1700	   9986.1117	   3500.3973	   1490.3359	   9986.1104	   3500.3772	   	   1490.3344
425	   0.0017	   0.0220	   0.0020	   4.2336	   2.0114	   0.1710	   9986.1147	   3506.3981	   1490.3341	   9986.1130	   3506.3761	   	   1490.3321
426	   0.0012	   0.0022	   0.0015	   4.1949	   1.9569	   0.1690	   9986.1178	   3512.3991	   1490.3320	   9986.1165	   3512.3969	   	   1490.3306
427	   0.0026	   0.0253	   0.0024	   4.1746	   1.9425	   0.1680	   9986.1210	   3518.4000	   1490.3298	   9986.1184	   3518.3748	   	   1490.3273
428	   0.0006	   0.0279	   0.0028	   4.1413	   1.8751	   0.1750	   9986.1244	   3524.4011	   1490.3274	   9986.1238	   3524.3732	   	   1490.3246
429	   0.0017	   0.0307	   0.0042	   4.0930	   1.8469	   0.1870	   9986.1277	   3530.4021	   1490.3248	   9986.1260	   3530.3714	   	   1490.3207
430	   0.0028	   0.0187	   0.0017	   3.8059	   1.5557	   0.1680	   9986.1510	   3574.4107	   1490.3012	   9986.1483	   3574.3920	   	   1490.2995
431	   0.0010	   0.0119	   0.0014	   3.7551	   1.4926	   0.1700	   9986.1540	   3580.4121	   1490.2974	   9986.1530	   3580.4002	   	   1490.2960
432	   0.0011	   0.0231	   0.0034	   3.6893	   1.4595	   0.1890	   9986.1570	   3586.4135	   1490.2936	   9986.1559	   3586.3904	   	   1490.2902
433	   0.0019	   0.0234	   0.0040	   3.6144	   1.4201	   0.1710	   9986.1608	   3594.4155	   1490.2884	   9986.1589	   3594.3921	   	   1490.2844
434	   0.0024	   0.0292	   0.0024	   3.5868	   1.3915	   0.1710	   9986.1636	   3600.4172	   1490.2844	   9986.1613	   3600.3880	   	   1490.2820
435	   0.0029	   0.0220	   0.0026	   3.5267	   1.3604	   0.1730	   9986.1664	   3606.4188	   1490.2803	   9986.1635	   3606.3969	   	   1490.2778
436	   0.0017	   0.0205	   0.0018	   3.4814	   1.3108	   0.1720	   9986.1691	   3612.4206	   1490.2762	   9986.1673	   3612.4001	   	   1490.2744
437	   0.0028	   0.0245	   0.0028	   3.4010	   1.2819	   0.1720	   9986.1724	   3620.4230	   1490.2707	   9986.1696	   3620.3986	   	   1490.2679
438	   0.0023	   0.0331	   0.0046	   3.3304	   1.2481	   0.1710	   9986.1748	   3626.4249	   1490.2666	   9986.1725	   3626.3918	   	   1490.2620
439	   0.0032	   0.0228	   0.0029	   3.2899	   1.2253	   0.1720	   9986.1771	   3632.4268	   1490.2624	   9986.1740	   3632.4040	   	   1490.2595
440	   0.0018	   0.0314	   0.0049	   3.2173	   1.1810	   0.1710	   9986.1794	   3638.4288	   1490.2583	   9986.1776	   3638.3974	   	   1490.2534
441	   0.0034	   0.0235	   0.0026	   3.1688	   1.1609	   0.1710	   9986.1823	   3646.4315	   1490.2527	   9986.1790	   3646.4080	   	   1490.2501
442	   0.0031	   0.0164	   0.0032	   3.1033	   1.1296	   0.1720	   9986.1843	   3652.4335	   1490.2486	   9986.1813	   3652.4171	   	   1490.2454
443	   0.0024	   0.0269	   0.0031	   3.0598	   1.1007	   0.1700	   9986.1861	   3658.4356	   1490.2446	   9986.1837	   3658.4087	   	   1490.2415
444	   0.0017	   0.0317	   0.0035	   3.0065	   1.0727	   0.1700	   9986.1876	   3664.4376	   1490.2407	   9986.1860	   3664.4059	   	   1490.2372
445	   0.0022	   0.0277	   0.0041	   2.9472	   1.0603	   0.1740	   9986.1890	   3670.4396	   1490.2369	   9986.1868	   3670.4119	   	   1490.2328
446	   0.0019	   0.0282	   0.0037	   2.9036	   1.0412	   0.1740	   9986.1903	   3676.4416	   1490.2331	   9986.1883	   3676.4134	   	   1490.2294
447	   0.0031	   0.0235	   0.0019	   2.8737	   1.0384	   0.1730	   9986.1915	   3682.4436	   1490.2293	   9986.1884	   3682.4201	   	   1490.2274
448	   0.0021	   0.0253	   0.0023	   2.8214	   1.0105	   0.1740	   9986.1927	   3688.4456	   1490.2256	   9986.1906	   3688.4204	   	   1490.2233
449	   0.0020	   0.0151	   0.0012	   2.7823	   0.9908	   0.1750	   9986.1940	   3694.4476	   1490.2219	   9986.1920	   3694.4325	   	   1490.2208
450	   0.0026	   0.0014	   0.0012	   2.7275	   0.9801	   0.1760	   9986.1952	   3700.4496	   1490.2184	   9986.1926	   3700.4482	   	   1490.2172
451	   0.0028	   0.0186	   0.0027	   2.6751	   0.9706	   0.1750	   9986.1964	   3706.4515	   1490.2150	   9986.1936	   3706.4329	   	   1490.2123
452	   0.0021	   0.0338	   0.0030	   2.6369	   0.9514	   0.1740	   9986.1974	   3712.4534	   1490.2116	   9986.1953	   3712.4196	   	   1490.2086
453	   0.0036	   0.0257	   0.0022	   2.5991	   0.9568	   0.1720	   9986.1983	   3718.4553	   1490.2083	   9986.1947	   3718.4295	   	   1490.2061
454	   0.0026	   0.0082	   0.0016	   2.5405	   0.9280	   0.1750	   9986.1993	   3726.4578	   1490.2039	   9986.1967	   3726.4496	   	   1490.2023
455	   0.0022	   0.0165	   0.0023	   2.4925	   0.9157	   0.1920	   9986.1999	   3732.4597	   1490.2005	   9986.1978	   3732.4432	   	   1490.1982
456	   0.0008	   0.0218	   0.0017	   2.4452	   0.8714	   0.1980	   9986.2006	   3740.4623	   1490.1960	   9986.2013	   3740.4405	   	   1490.1943
457	   0.0008	   0.0350	   0.0023	   2.3854	   0.8865	   0.1900	   9986.2010	   3748.4649	   1490.1915	   9986.2003	   3748.4299	   	   1490.1891
458	   0.0012	   0.0175	   0.0019	   2.3226	   0.8837	   0.1890	   9986.2014	   3756.4675	   1490.1868	   9986.2002	   3756.4500	   	   1490.1849
459	   0.0020	   0.0116	   0.0022	   2.2564	   0.8904	   0.3240	   9986.2015	   3764.4700	   1490.1822	   9986.1995	   3764.4584	   	   1490.1800
460	   0.0018	   0.0114	   0.0018	   2.2018	   0.8888	   0.2360	   9986.2014	   3772.4725	   1490.1775	   9986.1996	   3772.4611	   	   1490.1757
461	   0.0017	   0.0253	   0.0028	   2.1391	   0.8921	   0.1900	   9986.2012	   3780.4747	   1490.1731	   9986.1995	   3780.4494	   	   1490.1703
462	   0.0021	   0.0335	   0.0016	   2.1016	   0.9006	   0.1830	   9986.2011	   3788.4767	   1490.1687	   9986.1990	   3788.4432	   	   1490.1671
463	   0.0019	   0.0229	   0.0032	   2.0365	   0.8964	   0.1760	   9986.2010	   3794.4780	   1490.1656	   9986.1991	   3794.4552	   	   1490.1623
464	   0.0036	   0.0195	   0.0030	   1.9991	   0.9170	   0.1810	   9986.2009	   3800.4792	   1490.1625	   9986.1974	   3800.4597	   	   1490.1595
465	   0.0030	   0.0220	   0.0034	   1.9459	   0.9119	   0.1810	   9986.2008	   3808.4806	   1490.1586	   9986.1978	   3808.4586	   	   1490.1552
466	   0.0030	   0.0225	   0.0020	   1.9291	   0.9126	   0.1790	   9986.2007	   3814.4815	   1490.1559	   9986.1978	   3814.4590	   	   1490.1539
467	   0.0019	   0.0148	   0.0033	   1.8754	   0.8978	   0.1740	   9986.2007	   3820.4823	   1490.1532	   9986.1988	   3820.4675	   	   1490.1499
468	   0.0030	   0.0107	   0.0025	   1.8510	   0.9104	   0.1730	   9986.2007	   3826.4831	   1490.1506	   9986.1977	   3826.4724	   	   1490.1481
469	   0.0025	   0.0213	   0.0013	   1.8370	   0.9044	   0.1710	   9986.2009	   3832.4838	   1490.1480	   9986.1983	   3832.4626	   	   1490.1467
470	   0.0025	   0.0055	   0.0022	   1.7883	   0.8984	   0.1770	   9986.2011	   3838.4846	   1490.1455	   9986.1986	   3838.4791	   	   1490.1433
471	   0.0014	   0.0183	   0.0021	   1.7652	   0.8830	   0.1770	   9986.2013	   3844.4852	   1490.1431	   9986.2000	   3844.4669	   	   1490.1411
472	   0.0018	   0.0085	   0.0020	   1.7338	   0.8844	   0.1760	   9986.2015	   3850.4858	   1490.1409	   9986.1997	   3850.4773	   	   1490.1389
473	   0.0012	   0.0047	   0.0005	   1.7262	   0.8749	   0.1760	   9986.2016	   3856.4864	   1490.1389	   9986.2004	   3856.4817	   	   1490.1384
474	   0.0022	   0.0009	   0.0023	   1.6785	   0.8884	   0.1760	   9986.2015	   3862.4869	   1490.1371	   9986.1992	   3862.4878	   	   1490.1347
475	   0.0023	   0.0052	   0.0023	   1.6615	   0.8929	   0.1750	   9986.2012	   3868.4873	   1490.1355	   9986.1990	   3868.4821	   	   1490.1332
476	   0.0028	   0.0029	   0.0016	   1.6532	   0.9021	   0.1750	   9986.2010	   3874.4876	   1490.1342	   9986.1982	   3874.4847	   	   1490.1326
477	   0.0015	   0.0163	   0.0034	   1.6228	   0.8908	   0.1750	   9986.2008	   3880.4878	   1490.1332	   9986.1993	   3880.4716	   	   1490.1298
478	   0.0025	   0.0091	   0.0020	   1.6304	   0.9044	   0.1750	   9986.2006	   3886.4879	   1490.1326	   9986.1981	   3886.4788	   	   1490.1306
479	   0.0023	   0.0209	   0.0018	   1.6346	   0.9062	   0.1890	   9986.2005	   3892.4878	   1490.1324	   9986.1981	   3892.4670	   	   1490.1306
480	   0.0017	   0.0209	   0.0036	   1.6177	   0.8993	   0.1690	   9986.2004	   3900.4874	   1490.1329	   9986.1987	   3900.4665	   	   1490.1292
481	   0.0019	   0.0125	   0.0024	   1.6398	   0.9006	   0.1720	   9986.2004	   3906.4869	   1490.1337	   9986.1985	   3906.4744	   	   1490.1312
482	   0.0029	   0.0107	   0.0007	   1.6751	   0.9126	   0.1750	   9986.2004	   3912.4863	   1490.1348	   9986.1975	   3912.4756	   	   1490.1341
